Open,Last update,Platform,Symbol,Timeframe,Account balance at open,Size,Expected close,Expiry,Close,Status,Side,Opening price,Closing price,Take profit,Stop loss,Leverage,TP price %,SL price %,Expected profit,Risk %,R/R ratio,PnL,Fee %,Fee Amount
20/09/2023 00:00:00,15/02/2024 17:10:10,Upscale-Upscale-DUMMY_Gemini_BTCUSD_1h_26_08_23_to_14_02_24.csv,BTC_USD,DAY,10000.0,0.656,03/10/2023 00:00:00,03/10/2023 00:00:00,24/09/2023 00:00:00,STOP_LOSS_HIT,LONG,27129.0,26366.25,27891.75,26366.25,1.78,2.73,2.89,482.56,5,1.0,-518.16,0.1,17.8
25/09/2023 00:00:00,15/02/2024 17:10:10,Upscale-Upscale-DUMMY_Gemini_BTCUSD_1h_26_08_23_to_14_02_24.csv,BTC_USD,DAY,9481.84,0.407,08/10/2023 00:00:00,08/10/2023 00:00:00,01/10/2023 00:00:00,TAKE_PROFIT_HIT,LONG,26295.0,27458.94,27458.94,25131.06,1.129,4.24,4.63,463.02,5,1.0,463.02,0.1,10.7
09/10/2023 00:00:00,15/02/2024 17:10:10,Upscale-Upscale-DUMMY_Gemini_BTCUSD_1h_26_08_23_to_14_02_24.csv,BTC_USD,DAY,9944.86,0.822,22/10/2023 00:00:00,22/10/2023 00:00:00,11/10/2023 00:00:00,STOP_LOSS_HIT,LONG,27573.0,26968.23,28177.77,26968.23,2.279,2.15,2.24,474.45,5,1.0,-519.79,0.1,22.67
12/10/2023 00:00:00,15/02/2024 17:10:10,Upscale-Upscale-DUMMY_Gemini_BTCUSD_1h_26_08_23_to_14_02_24.csv,BTC_USD,DAY,9425.07,0.394,25/10/2023 00:00:00,25/10/2023 00:00:00,16/10/2023 00:00:00,TAKE_PROFIT_HIT,LONG,26755.0,27951.84,27951.84,25558.16,1.118,4.28,4.68,461.01,5,1.0,461.01,0.1,10.54
21/10/2023 00:00:00,15/02/2024 17:10:10,Upscale-Upscale-DUMMY_Gemini_BTCUSD_1h_26_08_23_to_14_02_24.csv,BTC_USD,DAY,9886.08,0.55,03/11/2023 00:00:00,03/11/2023 00:00:00,23/10/2023 00:00:00,TAKE_PROFIT_HIT,LONG,29920.0,30819.38,30819.38,29020.62,1.665,2.92,3.1,478.2,5,1.0,478.2,0.1,16.46
24/10/2023 00:00:00,15/02/2024 17:10:10,Upscale-Upscale-DUMMY_Gemini_BTCUSD_1h_26_08_23_to_14_02_24.csv,BTC_USD,DAY,10364.28,0.513,06/11/2023 00:00:00,06/11/2023 00:00:00,24/10/2023 00:00:00,STOP_LOSS_HIT,LONG,33920.0,32910.54,34929.46,32910.54,1.679,2.89,3.07,500.45,5,1.0,-535.25,0.1,17.4
25/10/2023 00:00:00,15/02/2024 17:10:10,Upscale-Upscale-DUMMY_Gemini_BTCUSD_1h_26_08_23_to_14_02_24.csv,BTC_USD,DAY,9829.03,0.406,07/11/2023 00:00:00,07/11/2023 00:00:00,02/11/2023 00:00:00,TAKE_PROFIT_HIT,LONG,34502.0,35713.71,35713.71,33290.29,1.425,3.39,3.64,477.94,5,1.0,477.94,0.1,14.01
14/11/2023 00:00:00,15/02/2024 17:10:10,Upscale-Upscale-DUMMY_Gemini_BTCUSD_1h_26_08_23_to_14_02_24.csv,BTC_USD,DAY,10306.97,0.124,27/11/2023 00:00:00,27/11/2023 00:00:00,27/11/2023 00:00:00,EXPIRED,LONG,35575.0,37239.0,39726.63,31423.37,0.428,10.45,13.21,510.39,5,1.0,201.93,0.1,4.41
28/11/2023 00:00:00,15/02/2024 17:10:10,Upscale-Upscale-DUMMY_Gemini_BTCUSD_1h_26_08_23_to_14_02_24.csv,BTC_USD,DAY,10508.9,0.369,11/12/2023 00:00:00,11/12/2023 00:00:00,02/12/2023 00:00:00,TAKE_PROFIT_HIT,LONG,37837.0,39261.99,39261.99,36412.02,1.329,3.63,3.91,511.86,5,1.0,511.86,0.1,13.96
03/12/2023 00:00:00,15/02/2024 17:10:10,Upscale-Upscale-DUMMY_Gemini_BTCUSD_1h_26_08_23_to_14_02_24.csv,BTC_USD,DAY,11020.76,0.417,16/12/2023 00:00:00,16/12/2023 00:00:00,04/12/2023 00:00:00,TAKE_PROFIT_HIT,LONG,39986.0,41306.31,41306.31,38665.7,1.513,3.2,3.41,533.9,5,1.0,533.9,0.1,16.67
05/12/2023 00:00:00,15/02/2024 17:10:10,Upscale-Upscale-DUMMY_Gemini_BTCUSD_1h_26_08_23_to_14_02_24.csv,BTC_USD,DAY,11554.66,0.251,18/12/2023 00:00:00,18/12/2023 00:00:00,05/12/2023 00:00:00,STOP_LOSS_HIT,LONG,44100.0,41798.23,46401.77,41798.23,0.958,4.96,5.51,566.67,5,1.0,-588.81,0.1,11.07
06/12/2023 00:00:00,15/02/2024 17:10:10,Upscale-Upscale-DUMMY_Gemini_BTCUSD_1h_26_08_23_to_14_02_24.csv,BTC_USD,DAY,10965.85,0.275,19/12/2023 00:00:00,19/12/2023 00:00:00,11/12/2023 00:00:00,STOP_LOSS_HIT,LONG,43782.0,41785.54,45778.46,41785.54,1.098,4.36,4.78,536.99,5,1.0,-561.07,0.1,12.04
15/12/2023 00:00:00,15/02/2024 17:10:10,Upscale-Upscale-DUMMY_Gemini_BTCUSD_1h_26_08_23_to_14_02_24.csv,BTC_USD,DAY,10404.78,0.211,28/12/2023 00:00:00,28/12/2023 00:00:00,22/12/2023 00:00:00,TAKE_PROFIT_HIT,LONG,41918.0,44388.6,44388.6,39447.4,0.85,5.57,6.26,512.46,5,1.0,512.46,0.1,8.84
25/12/2023 00:00:00,15/02/2024 17:10:10,Upscale-Upscale-DUMMY_Gemini_BTCUSD_1h_26_08_23_to_14_02_24.csv,BTC_USD,DAY,10917.24,0.25,07/01/2024 00:00:00,07/01/2024 00:00:00,29/12/2023 00:00:00,STOP_LOSS_HIT,LONG,43596.0,41412.38,45779.62,41412.38,0.998,4.77,5.27,535.01,5,1.0,-556.81,0.1,10.9
30/12/2023 00:00:00,15/02/2024 17:10:10,Upscale-Upscale-DUMMY_Gemini_BTCUSD_1h_26_08_23_to_14_02_24.csv,BTC_USD,DAY,10360.43,0.095,12/01/2024 00:00:00,12/01/2024 00:00:00,09/01/2024 00:00:00,TAKE_PROFIT_HIT,LONG,42152.0,47596.49,47596.49,36707.52,0.387,11.44,14.83,513.23,5,1.0,513.23,0.1,4.0
23/01/2024 00:00:00,15/02/2024 17:10:10,Upscale-Upscale-DUMMY_Gemini_BTCUSD_1h_26_08_23_to_14_02_24.csv,BTC_USD,DAY,10873.66,0.236,05/02/2024 00:00:00,05/02/2024 00:00:00,26/01/2024 00:00:00,TAKE_PROFIT_HIT,LONG,39864.0,42171.76,42171.76,37556.24,0.865,5.47,6.14,535.22,5,1.0,535.22,0.1,9.41
27/01/2024 00:00:00,15/02/2024 17:10:10,Upscale-Upscale-DUMMY_Gemini_BTCUSD_1h_26_08_23_to_14_02_24.csv,BTC_USD,DAY,11408.88,0.221,09/02/2024 00:00:00,09/02/2024 00:00:00,08/02/2024 00:00:00,TAKE_PROFIT_HIT,LONG,42115.0,44695.25,44695.25,39534.76,0.816,5.77,6.53,560.93,5,1.0,560.93,0.1,9.31
