Open,Last update,Platform,Symbol,Timeframe,Account balance at open,Size,Expected close,Expiry,Close,Status,Side,Opening price,Closing price,Take profit,Stop loss,Leverage,TP price %,SL price %,Expected profit,Risk %,R/R ratio,PnL,Fee %,Fee Amount,Order Type
29/08/2023 08:00:00,26/01/2024 23:57:32,Upscale-DUMMY_Gemini_BTCUSD_1h_26_08_23_to_04_11_23.csv,BTC_USD,FOUR_HOUR,10000.0,0.405,31/08/2023 04:00:00,31/08/2023 04:00:00,29/08/2023 12:00:00,STOP_LOSS_HIT,SHORT,25965.0,27199.32,25553.56,27199.32,1.052,1.61,4.54,156.12,5,0.3,-510.42,0.1,10.515825000000001,TAKER
29/08/2023 16:00:00,26/01/2024 23:57:32,Upscale-DUMMY_Gemini_BTCUSD_1h_26_08_23_to_04_11_23.csv,BTC_USD,FOUR_HOUR,9489.58,0.224,31/08/2023 12:00:00,31/08/2023 12:00:00,31/08/2023 12:00:00,EXPIRED,LONG,27843.0,26931.0,28549.45,25723.66,0.657,2.47,8.24,152.01,5,0.3,-210.52,0.1,6.236832000000001,TAKER
10/09/2023 08:00:00,26/01/2024 23:57:34,Upscale-DUMMY_Gemini_BTCUSD_1h_26_08_23_to_04_11_23.csv,BTC_USD,FOUR_HOUR,9279.06,0.484,12/09/2023 04:00:00,12/09/2023 04:00:00,11/09/2023 12:00:00,TAKE_PROFIT_HIT,SHORT,25802.0,25482.26,25482.26,26761.24,1.346,1.25,3.58,142.27,5,0.3,142.27,0.1,12.488168,TAKER
12/09/2023 04:00:00,26/01/2024 23:57:34,Upscale-DUMMY_Gemini_BTCUSD_1h_26_08_23_to_04_11_23.csv,BTC_USD,FOUR_HOUR,9421.33,0.243,14/09/2023 00:00:00,14/09/2023 00:00:00,12/09/2023 16:00:00,TAKE_PROFIT_HIT,LONG,25798.0,26444.79,26444.79,23857.63,0.665,2.45,8.13,150.9,5,0.3,150.9,0.1,6.268914,TAKER
14/09/2023 12:00:00,26/01/2024 23:57:34,Upscale-DUMMY_Gemini_BTCUSD_1h_26_08_23_to_04_11_23.csv,BTC_USD,FOUR_HOUR,9572.23,0.388,16/09/2023 08:00:00,16/09/2023 08:00:00,16/09/2023 08:00:00,EXPIRED,LONG,26706.0,26527.0,27117.42,25471.76,1.082,1.52,4.85,149.27,5,0.3,-79.81,0.1,10.361928,TAKER
16/09/2023 12:00:00,26/01/2024 23:57:34,Upscale-DUMMY_Gemini_BTCUSD_1h_26_08_23_to_04_11_23.csv,BTC_USD,FOUR_HOUR,9492.42,0.436,18/09/2023 08:00:00,18/09/2023 08:00:00,18/09/2023 08:00:00,TAKE_PROFIT_HIT,LONG,26521.0,26884.07,26884.07,25431.8,1.218,1.35,4.28,146.74,5,0.3,146.74,0.1,11.563156000000001,TAKER
18/09/2023 16:00:00,26/01/2024 23:57:34,Upscale-DUMMY_Gemini_BTCUSD_1h_26_08_23_to_04_11_23.csv,BTC_USD,FOUR_HOUR,9639.16,0.358,20/09/2023 12:00:00,20/09/2023 12:00:00,20/09/2023 12:00:00,EXPIRED,SHORT,26836.0,27194.0,26386.86,28183.42,0.997,1.7,4.78,151.18,5,0.3,-137.77,0.1,9.607288,TAKER
27/09/2023 12:00:00,26/01/2024 23:57:36,Upscale-DUMMY_Gemini_BTCUSD_1h_26_08_23_to_04_11_23.csv,BTC_USD,FOUR_HOUR,9501.39,0.373,29/09/2023 08:00:00,29/09/2023 08:00:00,27/09/2023 12:00:00,TAKE_PROFIT_HIT,LONG,26257.0,26681.21,26681.21,24984.37,1.031,1.59,5.09,148.44,5,0.3,148.44,0.1,9.793861000000001,TAKER
28/09/2023 20:00:00,26/01/2024 23:57:36,Upscale-DUMMY_Gemini_BTCUSD_1h_26_08_23_to_04_11_23.csv,BTC_USD,FOUR_HOUR,9649.83,0.481,30/09/2023 16:00:00,30/09/2023 16:00:00,30/09/2023 16:00:00,EXPIRED,LONG,27024.0,27027.0,27358.07,26021.81,1.347,1.22,3.85,147.69,5,0.3,-11.56,0.1,12.998544000000003,TAKER
02/10/2023 08:00:00,26/01/2024 23:57:36,Upscale-DUMMY_Gemini_BTCUSD_1h_26_08_23_to_04_11_23.csv,BTC_USD,FOUR_HOUR,9638.27,0.452,04/10/2023 04:00:00,04/10/2023 04:00:00,02/10/2023 16:00:00,TAKE_PROFIT_HIT,SHORT,28203.0,27847.73,27847.73,29268.83,1.323,1.28,3.64,147.83,5,0.3,147.83,0.1,12.747756000000003,TAKER
04/10/2023 08:00:00,26/01/2024 23:57:37,Upscale-DUMMY_Gemini_BTCUSD_1h_26_08_23_to_04_11_23.csv,BTC_USD,FOUR_HOUR,9786.1,0.435,06/10/2023 04:00:00,06/10/2023 04:00:00,05/10/2023 12:00:00,TAKE_PROFIT_HIT,LONG,27560.0,27934.73,27934.73,26435.81,1.225,1.34,4.25,151.02,5,0.3,151.02,0.1,11.988600000000002,TAKER
06/10/2023 20:00:00,26/01/2024 23:57:37,Upscale-DUMMY_Gemini_BTCUSD_1h_26_08_23_to_04_11_23.csv,BTC_USD,FOUR_HOUR,9937.12,0.433,08/10/2023 16:00:00,08/10/2023 16:00:00,08/10/2023 16:00:00,EXPIRED,SHORT,27947.0,27908.0,27564.69,29093.95,1.218,1.39,3.94,153.44,5,0.3,4.79,0.1,12.101051,TAKER
14/10/2023 16:00:00,26/01/2024 23:57:38,Upscale-DUMMY_Gemini_BTCUSD_1h_26_08_23_to_04_11_23.csv,BTC_USD,FOUR_HOUR,9941.91,0.425,16/10/2023 12:00:00,16/10/2023 12:00:00,16/10/2023 12:00:00,STOP_LOSS_HIT,SHORT,26873.0,28043.3,26482.9,28043.3,1.149,1.47,4.17,154.37,5,0.3,-508.8,0.1,11.421025,TAKER
16/10/2023 16:00:00,26/01/2024 23:57:38,Upscale-DUMMY_Gemini_BTCUSD_1h_26_08_23_to_04_11_23.csv,BTC_USD,FOUR_HOUR,9433.11,0.437,18/10/2023 12:00:00,18/10/2023 12:00:00,18/10/2023 04:00:00,TAKE_PROFIT_HIT,LONG,28474.0,28833.75,28833.75,27394.75,1.319,1.25,3.94,144.77,5,0.3,144.77,0.1,12.443138000000001,TAKER
19/10/2023 12:00:00,26/01/2024 23:57:38,Upscale-DUMMY_Gemini_BTCUSD_1h_26_08_23_to_04_11_23.csv,BTC_USD,FOUR_HOUR,9577.88,0.446,21/10/2023 08:00:00,21/10/2023 08:00:00,20/10/2023 00:00:00,TAKE_PROFIT_HIT,LONG,28690.0,29047.66,29047.66,27617.03,1.336,1.23,3.89,146.72,5,0.3,146.72,0.1,12.79574,TAKER
20/10/2023 08:00:00,26/01/2024 23:57:38,Upscale-DUMMY_Gemini_BTCUSD_1h_26_08_23_to_04_11_23.csv,BTC_USD,FOUR_HOUR,9724.6,0.393,22/10/2023 04:00:00,22/10/2023 04:00:00,20/10/2023 08:00:00,TAKE_PROFIT_HIT,SHORT,29860.0,29447.78,29447.78,31096.67,1.207,1.4,3.98,150.27,5,0.3,150.27,0.1,11.734980000000002,TAKER
23/10/2023 20:00:00,26/01/2024 23:57:39,Upscale-DUMMY_Gemini_BTCUSD_1h_26_08_23_to_04_11_23.csv,BTC_USD,FOUR_HOUR,9874.87,0.164,25/10/2023 16:00:00,25/10/2023 16:00:00,23/10/2023 20:00:00,TAKE_PROFIT_HIT,SHORT,33018.0,32013.73,32013.73,36030.81,0.548,3.14,8.36,159.29,5,0.3,159.29,0.1,5.414952,TAKER
24/10/2023 00:00:00,26/01/2024 23:57:39,Upscale-DUMMY_Gemini_BTCUSD_1h_26_08_23_to_04_11_23.csv,BTC_USD,FOUR_HOUR,10034.16,0.402,25/10/2023 20:00:00,25/10/2023 20:00:00,24/10/2023 00:00:00,TAKE_PROFIT_HIT,LONG,34002.0,34418.48,34418.48,32752.56,1.362,1.21,3.81,153.76,5,0.3,153.76,0.1,13.668804,TAKER
24/10/2023 04:00:00,26/01/2024 23:57:39,Upscale-DUMMY_Gemini_BTCUSD_1h_26_08_23_to_04_11_23.csv,BTC_USD,FOUR_HOUR,10187.92,0.261,26/10/2023 00:00:00,26/10/2023 00:00:00,24/10/2023 08:00:00,TAKE_PROFIT_HIT,LONG,34027.0,34677.64,34677.64,32075.08,0.872,1.88,6.09,160.94,5,0.3,160.94,0.1,8.881047,TAKER
24/10/2023 12:00:00,26/01/2024 23:57:39,Upscale-DUMMY_Gemini_BTCUSD_1h_26_08_23_to_04_11_23.csv,BTC_USD,FOUR_HOUR,10348.86,0.356,26/10/2023 08:00:00,26/10/2023 08:00:00,24/10/2023 12:00:00,TAKE_PROFIT_HIT,LONG,33664.0,34148.62,34148.62,32210.15,1.158,1.42,4.51,160.54,5,0.3,160.54,0.1,11.984384,TAKER
24/10/2023 16:00:00,26/01/2024 23:57:39,Upscale-DUMMY_Gemini_BTCUSD_1h_26_08_23_to_04_11_23.csv,BTC_USD,FOUR_HOUR,10509.4,0.209,26/10/2023 12:00:00,26/10/2023 12:00:00,26/10/2023 12:00:00,EXPIRED,SHORT,33794.0,34053.0,32955.31,36310.06,0.672,2.54,6.93,168.22,5,0.3,-61.19,0.1,7.062946,TAKER
26/10/2023 20:00:00,26/01/2024 23:57:39,Upscale-DUMMY_Gemini_BTCUSD_1h_26_08_23_to_04_11_23.csv,BTC_USD,FOUR_HOUR,10448.21,0.284,28/10/2023 16:00:00,28/10/2023 16:00:00,28/10/2023 16:00:00,EXPIRED,LONG,34163.0,34123.0,34777.22,32320.33,0.929,1.77,5.7,164.74,5,0.3,-21.06,0.1,9.702292,TAKER
31/10/2023 04:00:00,26/01/2024 23:57:40,Upscale-DUMMY_Gemini_BTCUSD_1h_26_08_23_to_04_11_23.csv,BTC_USD,FOUR_HOUR,10427.15,0.417,02/11/2023 00:00:00,02/11/2023 00:00:00,01/11/2023 20:00:00,STOP_LOSS_HIT,SHORT,34187.0,35436.67,33770.45,35436.67,1.367,1.23,3.53,159.45,5,0.3,-535.37,0.1,14.255979,TAKER
02/11/2023 00:00:00,26/01/2024 23:57:40,Upscale-DUMMY_Gemini_BTCUSD_1h_26_08_23_to_04_11_23.csv,BTC_USD,FOUR_HOUR,9891.78,0.288,03/11/2023 20:00:00,03/11/2023 20:00:00,03/11/2023 20:00:00,EXPIRED,LONG,35621.0,34738.0,36192.73,33905.81,1.037,1.58,5.06,154.4,5,0.3,-264.56,0.1,10.258848,TAKER
