Open,Last update,Platform,Symbol,Timeframe,Account balance at open,Size,Expected close,Expiry,Close,Status,Side,Opening price,Closing price,Take profit,Stop loss,Leverage,TP price %,SL price %,Expected profit,Risk %,R/R ratio,PnL
08/03/2020 00:00:00,16/06/2023 16:02:12,Bitfinex_BTCUSD_d_17_12_17_to_10_03_23.csv,BTC_USD,DAY,100000.0,6.935,13/03/2020 00:00:00,14/03/2020 00:00:00,12/03/2020 00:00:00,TAKE_PROFIT_HIT,SHORT,8074.0,7208.86,7208.86,8362.38,0.56,12.0,3.45,5999.75,2,3.0,5999.75
09/06/2022 00:00:00,16/06/2023 16:02:12,Bitfinex_BTCUSD_d_17_12_17_to_10_03_23.csv,BTC_USD,DAY,105999.75,2.733,15/06/2022 00:00:00,15/06/2022 00:00:00,12/06/2022 00:00:00,TAKE_PROFIT_HIT,SHORT,30112.0,27785.07,27785.07,30887.64,0.776,8.37,2.51,6359.5,2,3.0,6359.5
01/04/2020 00:00:00,16/06/2023 16:02:12,Bitfinex_BTCUSD_d_17_12_17_to_10_03_23.csv,BTC_USD,DAY,112359.25,16.483,07/04/2020 00:00:00,07/04/2020 00:00:00,02/04/2020 00:00:00,TAKE_PROFIT_HIT,LONG,6675.0,7084.0,7084.0,6538.67,0.979,5.77,2.08,6741.55,2,3.0,6741.55
27/12/2021 00:00:00,16/06/2023 16:02:13,Bitfinex_BTCUSD_d_17_12_17_to_10_03_23.csv,BTC_USD,DAY,119100.8,1.656,28/12/2021 00:00:00,02/01/2022 00:00:00,28/12/2021 00:00:00,STOP_LOSS_HIT,LONG,50690.0,49251.76,55004.74,49251.76,0.705,7.84,2.92,7145.21,2,3.0,-2381.73
02/06/2020 00:00:00,16/06/2023 16:02:13,Bitfinex_BTCUSD_d_17_12_17_to_10_03_23.csv,BTC_USD,DAY,116719.07,9.125,07/06/2020 00:00:00,08/06/2020 00:00:00,04/06/2020 00:00:00,STOP_LOSS_HIT,SHORT,9527.0,9782.83,8759.51,9782.83,0.745,8.76,2.62,7003.35,2,3.0,-2334.45
20/10/2021 00:00:00,16/06/2023 16:02:13,Bitfinex_BTCUSD_d_17_12_17_to_10_03_23.csv,BTC_USD,DAY,114384.62,1.622,21/10/2021 00:00:00,26/10/2021 00:00:00,21/10/2021 00:00:00,STOP_LOSS_HIT,LONG,66021.0,64610.28,70253.17,64610.28,0.936,6.02,2.18,6864.58,2,3.0,-2288.19
21/07/2020 00:00:00,16/06/2023 16:02:13,Bitfinex_BTCUSD_d_17_12_17_to_10_03_23.csv,BTC_USD,DAY,112096.43,9.112,28/07/2020 00:00:00,27/07/2020 00:00:00,26/07/2020 00:00:00,TAKE_PROFIT_HIT,LONG,9402.0,10140.13,10140.13,9155.96,0.764,7.28,2.69,6725.84,2,3.0,6725.84
21/09/2018 00:00:00,16/06/2023 16:02:13,Bitfinex_BTCUSD_d_17_12_17_to_10_03_23.csv,BTC_USD,DAY,118822.27,16.277,27/09/2018 00:00:00,27/09/2018 00:00:00,24/09/2018 00:00:00,STOP_LOSS_HIT,LONG,6762.0,6616.0,7199.99,6616.0,0.926,6.08,2.21,7129.16,2,3.0,-2376.44
27/12/2020 00:00:00,16/06/2023 16:02:13,Bitfinex_BTCUSD_d_17_12_17_to_10_03_23.csv,BTC_USD,DAY,116445.83,1.757,03/01/2021 00:00:00,02/01/2021 00:00:00,02/01/2021 00:00:00,TAKE_PROFIT_HIT,LONG,26241.0,30217.11,30217.11,24915.63,0.396,13.16,5.32,6986.03,2,3.0,6986.03
08/06/2018 00:00:00,16/06/2023 16:02:13,Bitfinex_BTCUSD_d_17_12_17_to_10_03_23.csv,BTC_USD,DAY,123431.86,13.037,10/06/2018 00:00:00,14/06/2018 00:00:00,10/06/2018 00:00:00,STOP_LOSS_HIT,LONG,7615.0,7425.64,8183.07,7425.64,0.804,6.94,2.55,7405.93,2,3.0,-2468.69
12/12/2020 00:00:00,16/06/2023 16:02:13,Bitfinex_BTCUSD_d_17_12_17_to_10_03_23.csv,BTC_USD,DAY,120963.17,4.898,19/12/2020 00:00:00,18/12/2020 00:00:00,16/12/2020 00:00:00,TAKE_PROFIT_HIT,LONG,18818.0,20299.76,20299.76,18324.08,0.762,7.3,2.7,7257.66,2,3.0,7257.66
02/06/2022 00:00:00,16/06/2023 16:02:13,Bitfinex_BTCUSD_d_17_12_17_to_10_03_23.csv,BTC_USD,DAY,128220.83,3.704,07/06/2022 00:00:00,08/06/2022 00:00:00,03/06/2022 00:00:00,STOP_LOSS_HIT,LONG,30478.0,29785.71,32554.87,29785.71,0.88,6.38,2.32,7692.73,2,3.0,-2564.24
15/01/2021 00:00:00,16/06/2023 16:02:13,Bitfinex_BTCUSD_d_17_12_17_to_10_03_23.csv,BTC_USD,DAY,125656.59,2.836,22/01/2021 00:00:00,21/01/2021 00:00:00,16/01/2021 00:00:00,STOP_LOSS_HIT,SHORT,36741.0,37627.02,34082.95,37627.02,0.829,7.8,2.35,7538.23,2,3.0,-2512.75
27/12/2021 00:00:00,16/06/2023 16:02:13,Bitfinex_BTCUSD_d_17_12_17_to_10_03_23.csv,BTC_USD,DAY,123143.84,1.712,28/12/2021 00:00:00,02/01/2022 00:00:00,28/12/2021 00:00:00,STOP_LOSS_HIT,LONG,50690.0,49251.76,55004.74,49251.76,0.705,7.84,2.92,7386.83,2,3.0,-2462.27
24/10/2020 00:00:00,16/06/2023 16:02:13,Bitfinex_BTCUSD_d_17_12_17_to_10_03_23.csv,BTC_USD,DAY,120681.57,6.929,29/10/2020 00:00:00,30/10/2020 00:00:00,30/10/2020 00:00:00,EXPIRED,LONG,13127.0,13568.0,14172.03,12778.66,0.754,7.37,2.73,7241.01,2,3.0,3055.69
24/07/2020 00:00:00,16/06/2023 16:02:13,Bitfinex_BTCUSD_d_17_12_17_to_10_03_23.csv,BTC_USD,DAY,123737.26,6.064,31/07/2020 00:00:00,30/07/2020 00:00:00,27/07/2020 00:00:00,TAKE_PROFIT_HIT,LONG,9559.0,10783.34,10783.34,9150.89,0.468,11.35,4.46,7424.4,2,3.0,7424.4
30/09/2021 00:00:00,16/06/2023 16:02:13,Bitfinex_BTCUSD_d_17_12_17_to_10_03_23.csv,BTC_USD,DAY,131161.66,2.207,07/10/2021 00:00:00,06/10/2021 00:00:00,01/10/2021 00:00:00,TAKE_PROFIT_HIT,LONG,43830.0,47395.26,47395.26,42641.58,0.738,7.52,2.79,7868.53,2,3.0,7868.53
07/02/2021 00:00:00,16/06/2023 16:02:13,Bitfinex_BTCUSD_d_17_12_17_to_10_03_23.csv,BTC_USD,DAY,139030.19,2.14,13/02/2021 00:00:00,13/02/2021 00:00:00,08/02/2021 00:00:00,TAKE_PROFIT_HIT,LONG,38837.0,42735.6,42735.6,37537.47,0.598,9.12,3.46,8343.0,2,3.0,8343.0
12/12/2020 00:00:00,16/06/2023 16:02:13,Bitfinex_BTCUSD_d_17_12_17_to_10_03_23.csv,BTC_USD,DAY,147373.19,5.967,19/12/2020 00:00:00,18/12/2020 00:00:00,16/12/2020 00:00:00,TAKE_PROFIT_HIT,LONG,18818.0,20299.76,20299.76,18324.08,0.762,7.3,2.7,8841.66,2,3.0,8841.66
31/10/2019 00:00:00,16/06/2023 16:02:13,Bitfinex_BTCUSD_d_17_12_17_to_10_03_23.csv,BTC_USD,DAY,156214.85,10.156,07/11/2019 00:00:00,06/11/2019 00:00:00,06/11/2019 00:00:00,EXPIRED,LONG,9186.0,9353.0,10108.91,8878.36,0.597,9.13,3.47,9373.07,2,3.0,1696.05
05/11/2022 00:00:00,16/06/2023 16:02:13,Bitfinex_BTCUSD_d_17_12_17_to_10_03_23.csv,BTC_USD,DAY,157910.9,5.398,10/11/2022 00:00:00,11/11/2022 00:00:00,08/11/2022 00:00:00,TAKE_PROFIT_HIT,SHORT,21313.0,19557.89,19557.89,21898.04,0.729,8.97,2.67,9474.08,2,3.0,9474.08
17/07/2018 00:00:00,16/06/2023 16:02:13,Bitfinex_BTCUSD_d_17_12_17_to_10_03_23.csv,BTC_USD,DAY,167384.98,14.122,24/07/2018 00:00:00,23/07/2018 00:00:00,23/07/2018 00:00:00,EXPIRED,LONG,7320.0,7719.0,8031.16,7082.95,0.618,8.86,3.35,10043.0,2,3.0,5634.68
21/03/2019 00:00:00,16/06/2023 16:02:13,Bitfinex_BTCUSD_d_17_12_17_to_10_03_23.csv,BTC_USD,DAY,173019.66,26.177,28/03/2019 00:00:00,27/03/2019 00:00:00,27/03/2019 00:00:00,EXPIRED,LONG,4045.0,4103.0,4441.57,3912.81,0.612,8.93,3.38,10381.01,2,3.0,1518.27
29/03/2019 00:00:00,16/06/2023 16:02:13,Bitfinex_BTCUSD_d_17_12_17_to_10_03_23.csv,BTC_USD,DAY,174537.93,27.475,04/04/2019 00:00:00,04/04/2019 00:00:00,02/04/2019 00:00:00,TAKE_PROFIT_HIT,LONG,4179.0,4560.14,4560.14,4051.95,0.658,8.36,3.14,10471.82,2,3.0,10471.82
25/03/2018 00:00:00,16/06/2023 16:02:13,Bitfinex_BTCUSD_d_17_12_17_to_10_03_23.csv,BTC_USD,DAY,185009.75,21.717,31/03/2018 00:00:00,31/03/2018 00:00:00,26/03/2018 00:00:00,TAKE_PROFIT_HIT,SHORT,8445.0,7933.87,7933.87,8615.38,0.991,6.44,1.98,11100.21,2,3.0,11100.21
05/11/2022 00:00:00,16/06/2023 16:02:13,Bitfinex_BTCUSD_d_17_12_17_to_10_03_23.csv,BTC_USD,DAY,196109.96,6.704,10/11/2022 00:00:00,11/11/2022 00:00:00,08/11/2022 00:00:00,TAKE_PROFIT_HIT,SHORT,21313.0,19557.89,19557.89,21898.04,0.729,8.97,2.67,11766.26,2,3.0,11766.26
