Open,Last update,Platform,Symbol,Timeframe,Account balance at open,Size,Expected close,Expiry,Close,Status,Side,Opening price,Closing price,Take profit,Stop loss,Leverage,TP price %,SL price %,Expected profit,Risk %,R/R ratio,PnL,Fee %,Fee Amount,Order Type
13/03/2023 16:00:00,18/06/2023 13:38:16,Upscale-DUMMY_Gemini_BTCUSD_1h_01_07_22_to_16_06_23.csv,BTC_USD,FOUR_HOUR,200.0,0.002,14/03/2023 16:00:00,15/03/2023 12:00:00,14/03/2023 12:00:00,STOP_LOSS_HIT,SHORT,24368.0,26021.48,22714.52,26021.48,0.244,7.28,6.35,3.27,2,1.0,-3.34,0.075,0.036552,TAKER
17/10/2022 16:00:00,18/06/2023 13:38:16,Upscale-DUMMY_Gemini_BTCUSD_1h_01_07_22_to_16_06_23.csv,BTC_USD,FOUR_HOUR,196.66,0.005,19/10/2022 08:00:00,19/10/2022 12:00:00,19/10/2022 12:00:00,EXPIRED,LONG,19523.0,19268.0,20252.51,18793.49,0.496,3.6,3.88,3.57,2,1.0,-1.35,0.075,0.07321125,TAKER
20/12/2022 12:00:00,18/06/2023 13:38:16,Upscale-DUMMY_Gemini_BTCUSD_1h_01_07_22_to_16_06_23.csv,BTC_USD,FOUR_HOUR,195.31,0.005,22/12/2022 12:00:00,22/12/2022 08:00:00,22/12/2022 08:00:00,EXPIRED,LONG,16905.0,16832.0,17657.53,16152.47,0.433,4.26,4.66,3.7,2,1.0,-0.43,0.075,0.06339375,TAKER
02/01/2023 20:00:00,18/06/2023 13:38:17,Upscale-DUMMY_Gemini_BTCUSD_1h_01_07_22_to_16_06_23.csv,BTC_USD,FOUR_HOUR,194.88,0.005,03/01/2023 20:00:00,04/01/2023 16:00:00,04/01/2023 16:00:00,EXPIRED,LONG,16667.0,16831.0,17398.55,15935.45,0.428,4.2,4.59,3.6,2,1.0,0.76,0.075,0.06250125000000001,TAKER
15/02/2023 08:00:00,18/06/2023 13:38:17,Upscale-DUMMY_Gemini_BTCUSD_1h_01_07_22_to_16_06_23.csv,BTC_USD,FOUR_HOUR,195.64,0.004,16/02/2023 08:00:00,17/02/2023 04:00:00,15/02/2023 20:00:00,TAKE_PROFIT_HIT,LONG,22443.0,23502.14,23502.14,21383.86,0.459,4.51,4.95,4.17,2,1.0,4.17,0.075,0.067329,TAKER
26/04/2023 08:00:00,18/06/2023 13:38:17,Upscale-DUMMY_Gemini_BTCUSD_1h_01_07_22_to_16_06_23.csv,BTC_USD,FOUR_HOUR,199.81,0.003,28/04/2023 08:00:00,28/04/2023 04:00:00,26/04/2023 16:00:00,STOP_LOSS_HIT,LONG,28955.0,27707.26,30202.74,27707.26,0.435,4.13,4.5,3.68,2,1.0,-3.81,0.075,0.06514874999999999,TAKER
07/07/2022 00:00:00,18/06/2023 13:38:17,Upscale-DUMMY_Gemini_BTCUSD_1h_01_07_22_to_16_06_23.csv,BTC_USD,FOUR_HOUR,196.0,0.005,08/07/2022 00:00:00,08/07/2022 20:00:00,07/07/2022 16:00:00,TAKE_PROFIT_HIT,LONG,20461.0,21309.5,21309.5,19612.5,0.522,3.98,4.33,4.17,2,1.0,4.17,0.075,0.07672875,TAKER
26/04/2023 08:00:00,18/06/2023 13:38:17,Upscale-DUMMY_Gemini_BTCUSD_1h_01_07_22_to_16_06_23.csv,BTC_USD,FOUR_HOUR,200.17,0.003,28/04/2023 08:00:00,28/04/2023 04:00:00,26/04/2023 16:00:00,STOP_LOSS_HIT,LONG,28955.0,27707.26,30202.74,27707.26,0.434,4.13,4.5,3.68,2,1.0,-3.81,0.075,0.06514874999999999,TAKER
26/04/2023 04:00:00,18/06/2023 13:38:17,Upscale-DUMMY_Gemini_BTCUSD_1h_01_07_22_to_16_06_23.csv,BTC_USD,FOUR_HOUR,196.36,0.004,27/04/2023 00:00:00,28/04/2023 00:00:00,26/04/2023 12:00:00,TAKE_PROFIT_HIT,LONG,28373.0,29388.54,29388.54,27357.47,0.578,3.46,3.71,3.98,2,1.0,3.98,0.075,0.085119,TAKER
05/12/2022 12:00:00,18/06/2023 13:38:17,Upscale-DUMMY_Gemini_BTCUSD_1h_01_07_22_to_16_06_23.csv,BTC_USD,FOUR_HOUR,200.34,0.006,06/12/2022 08:00:00,07/12/2022 08:00:00,07/12/2022 08:00:00,EXPIRED,LONG,17086.0,16788.0,17807.72,16364.28,0.512,4.05,4.41,4.25,2,1.0,-1.86,0.075,0.076887,TAKER
18/07/2022 08:00:00,18/06/2023 13:38:18,Upscale-DUMMY_Gemini_BTCUSD_1h_01_07_22_to_16_06_23.csv,BTC_USD,FOUR_HOUR,198.48,0.005,19/07/2022 08:00:00,20/07/2022 04:00:00,19/07/2022 00:00:00,TAKE_PROFIT_HIT,LONG,22128.0,22929.17,22929.17,21326.83,0.557,3.49,3.76,3.92,2,1.0,3.92,0.075,0.08298,TAKER
07/07/2022 00:00:00,18/06/2023 13:38:18,Upscale-DUMMY_Gemini_BTCUSD_1h_01_07_22_to_16_06_23.csv,BTC_USD,FOUR_HOUR,202.4,0.005,08/07/2022 00:00:00,08/07/2022 20:00:00,07/07/2022 16:00:00,TAKE_PROFIT_HIT,LONG,20461.0,21309.5,21309.5,19612.5,0.505,3.98,4.33,4.17,2,1.0,4.17,0.075,0.07672875,TAKER
13/03/2023 00:00:00,18/06/2023 13:38:18,Upscale-DUMMY_Gemini_BTCUSD_1h_01_07_22_to_16_06_23.csv,BTC_USD,FOUR_HOUR,206.57,0.004,14/03/2023 00:00:00,14/03/2023 20:00:00,13/03/2023 12:00:00,TAKE_PROFIT_HIT,LONG,22472.0,23417.09,23417.09,21526.91,0.435,4.04,4.39,3.71,2,1.0,3.71,0.075,0.067416,TAKER
04/01/2023 12:00:00,18/06/2023 13:38:18,Upscale-DUMMY_Gemini_BTCUSD_1h_01_07_22_to_16_06_23.csv,BTC_USD,FOUR_HOUR,210.28,0.006,06/01/2023 12:00:00,06/01/2023 08:00:00,06/01/2023 08:00:00,EXPIRED,LONG,16846.0,16736.0,17571.93,16120.07,0.481,4.13,4.5,4.28,2,1.0,-0.74,0.075,0.075807,TAKER
04/05/2023 08:00:00,18/06/2023 13:38:18,Upscale-DUMMY_Gemini_BTCUSD_1h_01_07_22_to_16_06_23.csv,BTC_USD,FOUR_HOUR,209.54,0.003,06/05/2023 08:00:00,06/05/2023 04:00:00,06/05/2023 04:00:00,EXPIRED,LONG,29146.0,29409.0,30370.81,27921.2,0.417,4.03,4.39,3.61,2,1.0,0.72,0.075,0.0655785,TAKER
17/10/2022 16:00:00,18/06/2023 13:38:18,Upscale-DUMMY_Gemini_BTCUSD_1h_01_07_22_to_16_06_23.csv,BTC_USD,FOUR_HOUR,210.26,0.006,19/10/2022 08:00:00,19/10/2022 12:00:00,19/10/2022 12:00:00,EXPIRED,LONG,19523.0,19268.0,20252.51,18793.49,0.557,3.6,3.88,4.29,2,1.0,-1.62,0.075,0.08785349999999999,TAKER
17/10/2022 16:00:00,18/06/2023 13:38:18,Upscale-DUMMY_Gemini_BTCUSD_1h_01_07_22_to_16_06_23.csv,BTC_USD,FOUR_HOUR,208.64,0.006,19/10/2022 08:00:00,19/10/2022 12:00:00,19/10/2022 12:00:00,EXPIRED,LONG,19523.0,19268.0,20252.51,18793.49,0.561,3.6,3.88,4.29,2,1.0,-1.62,0.075,0.08785349999999999,TAKER
26/04/2023 04:00:00,18/06/2023 13:38:18,Upscale-DUMMY_Gemini_BTCUSD_1h_01_07_22_to_16_06_23.csv,BTC_USD,FOUR_HOUR,207.02,0.004,27/04/2023 00:00:00,28/04/2023 00:00:00,26/04/2023 12:00:00,TAKE_PROFIT_HIT,LONG,28373.0,29388.54,29388.54,27357.47,0.548,3.46,3.71,3.98,2,1.0,3.98,0.075,0.085119,TAKER
19/07/2022 04:00:00,18/06/2023 13:38:18,Upscale-DUMMY_Gemini_BTCUSD_1h_01_07_22_to_16_06_23.csv,BTC_USD,FOUR_HOUR,211.0,0.005,20/07/2022 16:00:00,21/07/2022 00:00:00,19/07/2022 12:00:00,TAKE_PROFIT_HIT,LONG,21779.0,22658.03,22658.03,20899.97,0.516,3.88,4.21,4.31,2,1.0,4.31,0.075,0.08167124999999999,TAKER
19/07/2022 04:00:00,18/06/2023 13:38:18,Upscale-DUMMY_Gemini_BTCUSD_1h_01_07_22_to_16_06_23.csv,BTC_USD,FOUR_HOUR,215.31,0.005,20/07/2022 16:00:00,21/07/2022 00:00:00,19/07/2022 12:00:00,TAKE_PROFIT_HIT,LONG,21779.0,22658.03,22658.03,20899.97,0.506,3.88,4.21,4.31,2,1.0,4.31,0.075,0.08167124999999999,TAKER
14/01/2023 08:00:00,18/06/2023 13:38:18,Upscale-DUMMY_Gemini_BTCUSD_1h_01_07_22_to_16_06_23.csv,BTC_USD,FOUR_HOUR,219.62,0.004,15/01/2023 04:00:00,16/01/2023 04:00:00,16/01/2023 04:00:00,EXPIRED,LONG,20736.0,21129.0,21755.22,19716.78,0.378,4.68,5.17,4.01,2,1.0,1.51,0.075,0.062208,TAKER
30/08/2022 12:00:00,18/06/2023 13:38:19,Upscale-DUMMY_Gemini_BTCUSD_1h_01_07_22_to_16_06_23.csv,BTC_USD,FOUR_HOUR,221.13,0.006,01/09/2022 00:00:00,01/09/2022 08:00:00,01/09/2022 08:00:00,EXPIRED,LONG,19763.0,20071.0,20560.67,18965.33,0.536,3.88,4.21,4.7,2,1.0,1.76,0.075,0.0889335,TAKER
19/07/2022 04:00:00,18/06/2023 13:38:19,Upscale-DUMMY_Gemini_BTCUSD_1h_01_07_22_to_16_06_23.csv,BTC_USD,FOUR_HOUR,222.89,0.005,20/07/2022 16:00:00,21/07/2022 00:00:00,19/07/2022 12:00:00,TAKE_PROFIT_HIT,LONG,21779.0,22658.03,22658.03,20899.97,0.489,3.88,4.21,4.31,2,1.0,4.31,0.075,0.08167124999999999,TAKER
02/01/2023 20:00:00,18/06/2023 13:38:19,Upscale-DUMMY_Gemini_BTCUSD_1h_01_07_22_to_16_06_23.csv,BTC_USD,FOUR_HOUR,227.2,0.006,03/01/2023 20:00:00,04/01/2023 16:00:00,04/01/2023 16:00:00,EXPIRED,LONG,16667.0,16831.0,17398.55,15935.45,0.44,4.2,4.59,4.31,2,1.0,0.91,0.075,0.0750015,TAKER
30/03/2023 00:00:00,18/06/2023 13:38:19,Upscale-DUMMY_Gemini_BTCUSD_1h_01_07_22_to_16_06_23.csv,BTC_USD,FOUR_HOUR,228.11,0.003,31/03/2023 00:00:00,31/03/2023 20:00:00,31/03/2023 20:00:00,EXPIRED,LONG,28491.0,28486.0,29835.56,27146.44,0.375,4.51,4.95,3.97,2,1.0,-0.08,0.075,0.06410475,TAKER
05/12/2022 12:00:00,18/06/2023 13:38:19,Upscale-DUMMY_Gemini_BTCUSD_1h_01_07_22_to_16_06_23.csv,BTC_USD,FOUR_HOUR,228.03,0.006,06/12/2022 08:00:00,07/12/2022 08:00:00,07/12/2022 08:00:00,EXPIRED,LONG,17086.0,16788.0,17807.72,16364.28,0.45,4.05,4.41,4.25,2,1.0,-1.86,0.075,0.076887,TAKER
18/07/2022 12:00:00,18/06/2023 13:38:19,Upscale-DUMMY_Gemini_BTCUSD_1h_01_07_22_to_16_06_23.csv,BTC_USD,FOUR_HOUR,226.17,0.006,19/07/2022 08:00:00,20/07/2022 08:00:00,18/07/2022 16:00:00,STOP_LOSS_HIT,LONG,22694.0,21881.73,23506.27,21881.73,0.602,3.46,3.71,4.77,2,1.0,-4.98,0.075,0.102123,TAKER
