Open,Last update,Platform,Symbol,Timeframe,Account balance at open,Size,Expected close,Expiry,Close,Status,Side,Opening price,Closing price,Take profit,Stop loss,Leverage,TP price %,SL price %,Expected profit,Risk %,R/R ratio,PnL,Fee %,Fee Amount,Order Type
11/03/2023 08:00:00,18/06/2023 14:10:30,Upscale-DUMMY_Gemini_BTCUSD_1h_01_07_22_to_16_06_23.csv,BTC_USD,FOUR_HOUR,200.0,0.013,11/03/2023 20:00:00,13/03/2023 04:00:00,11/03/2023 12:00:00,TAKE_PROFIT_HIT,LONG,20586.0,21477.08,21477.08,20288.97,1.338,4.15,1.46,11.38,2,3.1,11.38,0.075,0.2007135,TAKER
17/05/2023 20:00:00,18/06/2023 14:10:30,Upscale-DUMMY_Gemini_BTCUSD_1h_01_07_22_to_16_06_23.csv,BTC_USD,FOUR_HOUR,211.38,0.011,18/05/2023 08:00:00,19/05/2023 16:00:00,18/05/2023 16:00:00,STOP_LOSS_HIT,LONG,27403.0,27000.6,28610.19,27000.6,1.426,4.22,1.49,13.05,2,3.1,-4.65,0.075,0.22607474999999996,TAKER
26/01/2023 00:00:00,18/06/2023 14:10:30,Upscale-DUMMY_Gemini_BTCUSD_1h_01_07_22_to_16_06_23.csv,BTC_USD,FOUR_HOUR,206.73,0.011,26/01/2023 12:00:00,27/01/2023 20:00:00,27/01/2023 00:00:00,STOP_LOSS_HIT,LONG,23145.0,22776.74,24249.78,22776.74,1.232,4.56,1.62,11.96,2,3.1,-4.24,0.075,0.19094625,TAKER
26/01/2023 00:00:00,18/06/2023 14:10:31,Upscale-DUMMY_Gemini_BTCUSD_1h_01_07_22_to_16_06_23.csv,BTC_USD,FOUR_HOUR,202.49,0.011,26/01/2023 12:00:00,27/01/2023 20:00:00,27/01/2023 00:00:00,STOP_LOSS_HIT,LONG,23145.0,22776.74,24249.78,22776.74,1.257,4.56,1.62,11.96,2,3.1,-4.24,0.075,0.19094625,TAKER
04/11/2022 16:00:00,18/06/2023 14:10:31,Upscale-DUMMY_Gemini_BTCUSD_1h_01_07_22_to_16_06_23.csv,BTC_USD,FOUR_HOUR,198.25,0.012,05/11/2022 04:00:00,06/11/2022 12:00:00,06/11/2022 12:00:00,EXPIRED,LONG,21107.0,21248.0,22099.39,20776.2,1.278,4.49,1.59,11.72,2,3.1,1.5,0.075,0.189963,TAKER
11/03/2023 08:00:00,18/06/2023 14:10:32,Upscale-DUMMY_Gemini_BTCUSD_1h_01_07_22_to_16_06_23.csv,BTC_USD,FOUR_HOUR,199.75,0.013,11/03/2023 20:00:00,13/03/2023 04:00:00,11/03/2023 12:00:00,TAKE_PROFIT_HIT,LONG,20586.0,21477.08,21477.08,20288.97,1.34,4.15,1.46,11.38,2,3.1,11.38,0.075,0.2007135,TAKER
11/03/2023 08:00:00,18/06/2023 14:10:32,Upscale-DUMMY_Gemini_BTCUSD_1h_01_07_22_to_16_06_23.csv,BTC_USD,FOUR_HOUR,211.13,0.014,11/03/2023 20:00:00,13/03/2023 04:00:00,11/03/2023 12:00:00,TAKE_PROFIT_HIT,LONG,20586.0,21477.08,21477.08,20288.97,1.365,4.15,1.46,12.26,2,3.1,12.26,0.075,0.216153,TAKER
11/03/2023 08:00:00,18/06/2023 14:10:32,Upscale-DUMMY_Gemini_BTCUSD_1h_01_07_22_to_16_06_23.csv,BTC_USD,FOUR_HOUR,223.39,0.015,11/03/2023 20:00:00,13/03/2023 04:00:00,11/03/2023 12:00:00,TAKE_PROFIT_HIT,LONG,20586.0,21477.08,21477.08,20288.97,1.382,4.15,1.46,13.13,2,3.1,13.13,0.075,0.23159249999999998,TAKER
11/03/2023 08:00:00,18/06/2023 14:10:32,Upscale-DUMMY_Gemini_BTCUSD_1h_01_07_22_to_16_06_23.csv,BTC_USD,FOUR_HOUR,236.52,0.016,11/03/2023 20:00:00,13/03/2023 04:00:00,11/03/2023 12:00:00,TAKE_PROFIT_HIT,LONG,20586.0,21477.08,21477.08,20288.97,1.393,4.15,1.46,14.01,2,3.1,14.01,0.075,0.24703200000000003,TAKER
