Open,Last update,Platform,Symbol,Timeframe,Account balance at open,Size,Expected close,Expiry,Close,Status,Side,Opening price,Closing price,Take profit,Stop loss,Leverage,TP price %,SL price %,Expected profit,Risk %,R/R ratio,PnL,Fee %,Fee Amount,Order Type
04/12/2022 20:00:00,18/06/2023 20:38:42,Upscale-DUMMY_Gemini_BTCUSD_1h_01_07_22_to_16_06_23.csv,BTC_USD,FOUR_HOUR,200.0,0.018,05/12/2022 20:00:00,06/12/2022 16:00:00,05/12/2022 16:00:00,STOP_LOSS_HIT,LONG,17113.0,16889.87,17782.38,16889.87,1.54,3.76,1.32,11.82,2,3.1,-4.25,0.075,0.23102549999999997,TAKER
13/03/2023 16:00:00,18/06/2023 20:38:42,Upscale-DUMMY_Gemini_BTCUSD_1h_01_07_22_to_16_06_23.csv,BTC_USD,FOUR_HOUR,195.75,0.007,14/03/2023 16:00:00,15/03/2023 12:00:00,14/03/2023 04:00:00,STOP_LOSS_HIT,SHORT,24368.0,24919.16,22714.52,24919.16,0.871,7.28,2.21,11.45,2,3.1,-3.99,0.075,0.127932,TAKER
14/01/2023 04:00:00,18/06/2023 20:38:42,Upscale-DUMMY_Gemini_BTCUSD_1h_01_07_22_to_16_06_23.csv,BTC_USD,FOUR_HOUR,191.76,0.013,15/01/2023 04:00:00,16/01/2023 00:00:00,14/01/2023 08:00:00,STOP_LOSS_HIT,LONG,20911.0,20611.23,21810.33,20611.23,1.418,4.12,1.45,11.49,2,3.1,-4.1,0.075,0.20388224999999996,TAKER
10/04/2023 16:00:00,18/06/2023 20:38:42,Upscale-DUMMY_Gemini_BTCUSD_1h_01_07_22_to_16_06_23.csv,BTC_USD,FOUR_HOUR,187.66,0.009,11/04/2023 16:00:00,12/04/2023 12:00:00,11/04/2023 16:00:00,TAKE_PROFIT_HIT,LONG,29187.0,30468.09,30468.09,28759.97,1.4,4.2,1.48,11.33,2,3.1,11.33,0.075,0.19701224999999997,TAKER
30/03/2023 00:00:00,18/06/2023 20:38:42,Upscale-DUMMY_Gemini_BTCUSD_1h_01_07_22_to_16_06_23.csv,BTC_USD,FOUR_HOUR,198.99,0.009,31/03/2023 00:00:00,31/03/2023 20:00:00,30/03/2023 16:00:00,STOP_LOSS_HIT,LONG,28491.0,28042.81,29835.56,28042.81,1.289,4.51,1.6,11.91,2,3.1,-4.23,0.075,0.19231425,TAKER
30/11/2022 16:00:00,18/06/2023 20:38:42,Upscale-DUMMY_Gemini_BTCUSD_1h_01_07_22_to_16_06_23.csv,BTC_USD,FOUR_HOUR,194.76,0.018,02/12/2022 12:00:00,02/12/2022 12:00:00,02/12/2022 12:00:00,STOP_LOSS_HIT,LONG,17056.0,16834.79,17719.63,16834.79,1.576,3.75,1.31,11.72,2,3.1,-4.21,0.075,0.23025599999999996,TAKER
12/09/2022 16:00:00,18/06/2023 20:38:43,Upscale-DUMMY_Gemini_BTCUSD_1h_01_07_22_to_16_06_23.csv,BTC_USD,FOUR_HOUR,190.55,0.012,14/09/2022 16:00:00,14/09/2022 12:00:00,13/09/2022 00:00:00,STOP_LOSS_HIT,LONG,22426.0,22096.0,23416.01,22096.0,1.412,4.23,1.49,11.68,2,3.1,-4.16,0.075,0.201834,TAKER
30/11/2022 16:00:00,18/06/2023 20:38:43,Upscale-DUMMY_Gemini_BTCUSD_1h_01_07_22_to_16_06_23.csv,BTC_USD,FOUR_HOUR,186.39,0.017,02/12/2022 12:00:00,02/12/2022 12:00:00,02/12/2022 12:00:00,STOP_LOSS_HIT,LONG,17056.0,16834.79,17719.63,16834.79,1.556,3.75,1.31,11.06,2,3.1,-3.98,0.075,0.217464,TAKER
30/11/2022 16:00:00,18/06/2023 20:38:43,Upscale-DUMMY_Gemini_BTCUSD_1h_01_07_22_to_16_06_23.csv,BTC_USD,FOUR_HOUR,182.41,0.016,02/12/2022 12:00:00,02/12/2022 12:00:00,02/12/2022 12:00:00,STOP_LOSS_HIT,LONG,17056.0,16834.79,17719.63,16834.79,1.496,3.75,1.31,10.41,2,3.1,-3.74,0.075,0.20467200000000002,TAKER
04/12/2022 20:00:00,18/06/2023 20:38:43,Upscale-DUMMY_Gemini_BTCUSD_1h_01_07_22_to_16_06_23.csv,BTC_USD,FOUR_HOUR,178.67,0.016,05/12/2022 20:00:00,06/12/2022 16:00:00,05/12/2022 16:00:00,STOP_LOSS_HIT,LONG,17113.0,16889.87,17782.38,16889.87,1.532,3.76,1.32,10.5,2,3.1,-3.78,0.075,0.20535599999999998,TAKER
05/12/2022 12:00:00,18/06/2023 20:38:44,Upscale-DUMMY_Gemini_BTCUSD_1h_01_07_22_to_16_06_23.csv,BTC_USD,FOUR_HOUR,174.89,0.015,06/12/2022 08:00:00,07/12/2022 08:00:00,07/12/2022 04:00:00,STOP_LOSS_HIT,LONG,17086.0,16845.43,17807.72,16845.43,1.465,4.05,1.43,10.63,2,3.1,-3.8,0.075,0.19221749999999996,TAKER
29/03/2023 16:00:00,18/06/2023 20:38:44,Upscale-DUMMY_Gemini_BTCUSD_1h_01_07_22_to_16_06_23.csv,BTC_USD,FOUR_HOUR,171.09,0.007,31/03/2023 16:00:00,31/03/2023 12:00:00,30/03/2023 16:00:00,STOP_LOSS_HIT,LONG,28416.0,27942.3,29837.12,27942.3,1.163,4.76,1.7,9.8,2,3.1,-3.47,0.075,0.149184,TAKER
14/01/2023 04:00:00,18/06/2023 20:38:44,Upscale-DUMMY_Gemini_BTCUSD_1h_01_07_22_to_16_06_23.csv,BTC_USD,FOUR_HOUR,167.62,0.011,15/01/2023 04:00:00,16/01/2023 00:00:00,14/01/2023 08:00:00,STOP_LOSS_HIT,LONG,20911.0,20611.23,21810.33,20611.23,1.372,4.12,1.45,9.72,2,3.1,-3.47,0.075,0.17251575,TAKER
15/02/2023 08:00:00,18/06/2023 20:38:44,Upscale-DUMMY_Gemini_BTCUSD_1h_01_07_22_to_16_06_23.csv,BTC_USD,FOUR_HOUR,164.15,0.009,16/02/2023 08:00:00,17/02/2023 04:00:00,15/02/2023 20:00:00,TAKE_PROFIT_HIT,LONG,22443.0,23502.14,23502.14,22089.95,1.231,4.51,1.6,9.38,2,3.1,9.38,0.075,0.15149025,TAKER
13/03/2023 16:00:00,18/06/2023 20:38:45,Upscale-DUMMY_Gemini_BTCUSD_1h_01_07_22_to_16_06_23.csv,BTC_USD,FOUR_HOUR,173.53,0.006,14/03/2023 16:00:00,15/03/2023 12:00:00,14/03/2023 04:00:00,STOP_LOSS_HIT,SHORT,24368.0,24919.16,22714.52,24919.16,0.843,7.28,2.21,9.81,2,3.1,-3.42,0.075,0.109656,TAKER
20/12/2022 12:00:00,18/06/2023 20:38:45,Upscale-DUMMY_Gemini_BTCUSD_1h_01_07_22_to_16_06_23.csv,BTC_USD,FOUR_HOUR,170.11,0.014,22/12/2022 12:00:00,22/12/2022 08:00:00,22/12/2022 08:00:00,EXPIRED,LONG,16905.0,16832.0,17657.53,16654.16,1.391,4.26,1.51,10.36,2,3.1,-1.2,0.075,0.1775025,TAKER
29/03/2023 16:00:00,18/06/2023 20:38:45,Upscale-DUMMY_Gemini_BTCUSD_1h_01_07_22_to_16_06_23.csv,BTC_USD,FOUR_HOUR,168.91,0.007,31/03/2023 16:00:00,31/03/2023 12:00:00,30/03/2023 16:00:00,STOP_LOSS_HIT,LONG,28416.0,27942.3,29837.12,27942.3,1.178,4.76,1.7,9.8,2,3.1,-3.47,0.075,0.149184,TAKER
02/01/2023 20:00:00,18/06/2023 20:38:45,Upscale-DUMMY_Gemini_BTCUSD_1h_01_07_22_to_16_06_23.csv,BTC_USD,FOUR_HOUR,165.44,0.014,03/01/2023 20:00:00,04/01/2023 16:00:00,04/01/2023 16:00:00,EXPIRED,LONG,16667.0,16831.0,17398.55,16423.15,1.41,4.2,1.48,10.07,2,3.1,2.12,0.075,0.17500349999999998,TAKER
05/11/2022 04:00:00,18/06/2023 20:38:45,Upscale-DUMMY_Gemini_BTCUSD_1h_01_07_22_to_16_06_23.csv,BTC_USD,FOUR_HOUR,167.56,0.007,06/11/2022 04:00:00,07/11/2022 00:00:00,07/11/2022 00:00:00,EXPIRED,SHORT,21392.0,20916.0,19940.46,21875.85,0.894,7.28,2.21,10.05,2,3.1,3.22,0.075,0.112308,TAKER
05/12/2022 12:00:00,18/06/2023 20:38:45,Upscale-DUMMY_Gemini_BTCUSD_1h_01_07_22_to_16_06_23.csv,BTC_USD,FOUR_HOUR,170.78,0.014,06/12/2022 08:00:00,07/12/2022 08:00:00,07/12/2022 04:00:00,STOP_LOSS_HIT,LONG,17086.0,16845.43,17807.72,16845.43,1.401,4.05,1.43,9.92,2,3.1,-3.55,0.075,0.179403,TAKER
