Open,Last update,Platform,Symbol,Timeframe,Account balance at open,Size,Expected close,Expiry,Close,Status,Side,Opening price,Closing price,Take profit,Stop loss,Leverage,TP price %,SL price %,Expected profit,Risk %,R/R ratio,PnL,Fee %,Fee Amount,Order Type
05/05/2023 00:00:00,18/06/2023 13:44:57,Upscale-DUMMY_Gemini_BTCUSD_1h_01_07_22_to_16_06_23.csv,BTC_USD,FOUR_HOUR,200.0,0.004,07/05/2023 00:00:00,06/05/2023 20:00:00,06/05/2023 20:00:00,EXPIRED,LONG,29198.0,28900.0,30334.03,28061.97,0.584,3.75,4.05,4.46,2,1.0,-1.28,0.075,0.08759399999999999,TAKER
30/08/2022 12:00:00,18/06/2023 13:44:58,Upscale-DUMMY_Gemini_BTCUSD_1h_01_07_22_to_16_06_23.csv,BTC_USD,FOUR_HOUR,198.72,0.005,01/09/2022 00:00:00,01/09/2022 08:00:00,01/09/2022 08:00:00,EXPIRED,LONG,19763.0,20071.0,20560.67,18965.33,0.497,3.88,4.21,3.91,2,1.0,1.47,0.075,0.07411124999999999,TAKER
02/01/2023 20:00:00,18/06/2023 13:44:58,Upscale-DUMMY_Gemini_BTCUSD_1h_01_07_22_to_16_06_23.csv,BTC_USD,FOUR_HOUR,200.19,0.005,03/01/2023 20:00:00,04/01/2023 16:00:00,04/01/2023 16:00:00,EXPIRED,LONG,16667.0,16831.0,17398.55,15935.45,0.416,4.2,4.59,3.6,2,1.0,0.76,0.075,0.06250125000000001,TAKER
05/11/2022 04:00:00,18/06/2023 13:44:58,Upscale-DUMMY_Gemini_BTCUSD_1h_01_07_22_to_16_06_23.csv,BTC_USD,FOUR_HOUR,200.95,0.003,06/11/2022 04:00:00,07/11/2022 00:00:00,07/11/2022 00:00:00,EXPIRED,SHORT,21392.0,20916.0,19940.46,22843.55,0.319,7.28,6.35,4.31,2,1.0,1.38,0.075,0.048132,TAKER
05/11/2022 04:00:00,18/06/2023 13:44:58,Upscale-DUMMY_Gemini_BTCUSD_1h_01_07_22_to_16_06_23.csv,BTC_USD,FOUR_HOUR,202.33,0.003,06/11/2022 04:00:00,07/11/2022 00:00:00,07/11/2022 00:00:00,EXPIRED,SHORT,21392.0,20916.0,19940.46,22843.55,0.317,7.28,6.35,4.31,2,1.0,1.38,0.075,0.048132,TAKER
14/01/2023 04:00:00,18/06/2023 13:44:58,Upscale-DUMMY_Gemini_BTCUSD_1h_01_07_22_to_16_06_23.csv,BTC_USD,FOUR_HOUR,203.71,0.005,15/01/2023 04:00:00,16/01/2023 00:00:00,16/01/2023 00:00:00,EXPIRED,LONG,20911.0,21087.0,21810.33,20011.67,0.513,4.12,4.49,4.42,2,1.0,0.8,0.075,0.07841625,TAKER
19/07/2022 04:00:00,18/06/2023 13:44:58,Upscale-DUMMY_Gemini_BTCUSD_1h_01_07_22_to_16_06_23.csv,BTC_USD,FOUR_HOUR,204.51,0.005,20/07/2022 16:00:00,21/07/2022 00:00:00,19/07/2022 12:00:00,TAKE_PROFIT_HIT,LONG,21779.0,22658.03,22658.03,20899.97,0.532,3.88,4.21,4.31,2,1.0,4.31,0.075,0.08167124999999999,TAKER
14/01/2023 08:00:00,18/06/2023 13:44:59,Upscale-DUMMY_Gemini_BTCUSD_1h_01_07_22_to_16_06_23.csv,BTC_USD,FOUR_HOUR,208.82,0.004,15/01/2023 04:00:00,16/01/2023 04:00:00,16/01/2023 04:00:00,EXPIRED,LONG,20736.0,21129.0,21755.22,19716.78,0.397,4.68,5.17,4.01,2,1.0,1.51,0.075,0.062208,TAKER
12/09/2022 16:00:00,18/06/2023 13:44:59,Upscale-DUMMY_Gemini_BTCUSD_1h_01_07_22_to_16_06_23.csv,BTC_USD,FOUR_HOUR,210.33,0.004,14/09/2022 16:00:00,14/09/2022 12:00:00,13/09/2022 12:00:00,STOP_LOSS_HIT,LONG,22426.0,21436.0,23416.01,21436.0,0.426,4.23,4.62,3.89,2,1.0,-4.03,0.075,0.067278,TAKER
05/11/2022 04:00:00,18/06/2023 13:44:59,Upscale-DUMMY_Gemini_BTCUSD_1h_01_07_22_to_16_06_23.csv,BTC_USD,FOUR_HOUR,206.3,0.003,06/11/2022 04:00:00,07/11/2022 00:00:00,07/11/2022 00:00:00,EXPIRED,SHORT,21392.0,20916.0,19940.46,22843.55,0.311,7.28,6.35,4.31,2,1.0,1.38,0.075,0.048132,TAKER
04/05/2023 08:00:00,18/06/2023 13:44:59,Upscale-DUMMY_Gemini_BTCUSD_1h_01_07_22_to_16_06_23.csv,BTC_USD,FOUR_HOUR,207.68,0.003,06/05/2023 08:00:00,06/05/2023 04:00:00,06/05/2023 04:00:00,EXPIRED,LONG,29146.0,29409.0,30370.81,27921.2,0.421,4.03,4.39,3.61,2,1.0,0.72,0.075,0.0655785,TAKER
26/04/2023 04:00:00,18/06/2023 13:44:59,Upscale-DUMMY_Gemini_BTCUSD_1h_01_07_22_to_16_06_23.csv,BTC_USD,FOUR_HOUR,208.4,0.004,27/04/2023 00:00:00,28/04/2023 00:00:00,26/04/2023 12:00:00,TAKE_PROFIT_HIT,LONG,28373.0,29388.54,29388.54,27357.47,0.545,3.46,3.71,3.98,2,1.0,3.98,0.075,0.085119,TAKER
14/01/2023 08:00:00,18/06/2023 13:44:59,Upscale-DUMMY_Gemini_BTCUSD_1h_01_07_22_to_16_06_23.csv,BTC_USD,FOUR_HOUR,212.38,0.004,15/01/2023 04:00:00,16/01/2023 04:00:00,16/01/2023 04:00:00,EXPIRED,LONG,20736.0,21129.0,21755.22,19716.78,0.391,4.68,5.17,4.01,2,1.0,1.51,0.075,0.062208,TAKER
30/03/2023 00:00:00,18/06/2023 13:44:59,Upscale-DUMMY_Gemini_BTCUSD_1h_01_07_22_to_16_06_23.csv,BTC_USD,FOUR_HOUR,213.89,0.003,31/03/2023 00:00:00,31/03/2023 20:00:00,31/03/2023 20:00:00,EXPIRED,LONG,28491.0,28486.0,29835.56,27146.44,0.4,4.51,4.95,3.97,2,1.0,-0.08,0.075,0.06410475,TAKER
09/04/2023 20:00:00,18/06/2023 13:44:59,Upscale-DUMMY_Gemini_BTCUSD_1h_01_07_22_to_16_06_23.csv,BTC_USD,FOUR_HOUR,213.81,0.004,10/04/2023 08:00:00,11/04/2023 16:00:00,10/04/2023 20:00:00,TAKE_PROFIT_HIT,LONG,28333.0,29540.5,29540.5,27125.5,0.53,4.09,4.45,4.75,2,1.0,4.75,0.075,0.084999,TAKER
17/10/2022 16:00:00,18/06/2023 13:45:00,Upscale-DUMMY_Gemini_BTCUSD_1h_01_07_22_to_16_06_23.csv,BTC_USD,FOUR_HOUR,218.56,0.006,19/10/2022 08:00:00,19/10/2022 12:00:00,19/10/2022 12:00:00,EXPIRED,LONG,19523.0,19268.0,20252.51,18793.49,0.536,3.6,3.88,4.29,2,1.0,-1.62,0.075,0.08785349999999999,TAKER
14/01/2023 08:00:00,18/06/2023 13:45:00,Upscale-DUMMY_Gemini_BTCUSD_1h_01_07_22_to_16_06_23.csv,BTC_USD,FOUR_HOUR,216.94,0.004,15/01/2023 04:00:00,16/01/2023 04:00:00,16/01/2023 04:00:00,EXPIRED,LONG,20736.0,21129.0,21755.22,19716.78,0.382,4.68,5.17,4.01,2,1.0,1.51,0.075,0.062208,TAKER
26/04/2023 08:00:00,18/06/2023 13:45:00,Upscale-DUMMY_Gemini_BTCUSD_1h_01_07_22_to_16_06_23.csv,BTC_USD,FOUR_HOUR,218.45,0.004,28/04/2023 08:00:00,28/04/2023 04:00:00,26/04/2023 16:00:00,STOP_LOSS_HIT,LONG,28955.0,27707.26,30202.74,27707.26,0.53,4.13,4.5,4.9,2,1.0,-5.08,0.075,0.08686500000000001,TAKER
18/07/2022 08:00:00,18/06/2023 13:45:00,Upscale-DUMMY_Gemini_BTCUSD_1h_01_07_22_to_16_06_23.csv,BTC_USD,FOUR_HOUR,213.37,0.005,19/07/2022 08:00:00,20/07/2022 04:00:00,19/07/2022 00:00:00,TAKE_PROFIT_HIT,LONG,22128.0,22929.17,22929.17,21326.83,0.519,3.49,3.76,3.92,2,1.0,3.92,0.075,0.08298,TAKER
05/12/2022 12:00:00,18/06/2023 13:45:00,Upscale-DUMMY_Gemini_BTCUSD_1h_01_07_22_to_16_06_23.csv,BTC_USD,FOUR_HOUR,217.29,0.006,06/12/2022 08:00:00,07/12/2022 08:00:00,07/12/2022 08:00:00,EXPIRED,LONG,17086.0,16788.0,17807.72,16364.28,0.472,4.05,4.41,4.25,2,1.0,-1.86,0.075,0.076887,TAKER
04/05/2023 08:00:00,18/06/2023 13:45:00,Upscale-DUMMY_Gemini_BTCUSD_1h_01_07_22_to_16_06_23.csv,BTC_USD,FOUR_HOUR,215.43,0.004,06/05/2023 08:00:00,06/05/2023 04:00:00,06/05/2023 04:00:00,EXPIRED,LONG,29146.0,29409.0,30370.81,27921.2,0.541,4.03,4.39,4.81,2,1.0,0.96,0.075,0.087438,TAKER
05/05/2023 00:00:00,18/06/2023 13:45:00,Upscale-DUMMY_Gemini_BTCUSD_1h_01_07_22_to_16_06_23.csv,BTC_USD,FOUR_HOUR,216.39,0.004,07/05/2023 00:00:00,06/05/2023 20:00:00,06/05/2023 20:00:00,EXPIRED,LONG,29198.0,28900.0,30334.03,28061.97,0.54,3.75,4.05,4.46,2,1.0,-1.28,0.075,0.08759399999999999,TAKER
26/04/2023 08:00:00,18/06/2023 13:45:00,Upscale-DUMMY_Gemini_BTCUSD_1h_01_07_22_to_16_06_23.csv,BTC_USD,FOUR_HOUR,215.11,0.003,28/04/2023 08:00:00,28/04/2023 04:00:00,26/04/2023 16:00:00,STOP_LOSS_HIT,LONG,28955.0,27707.26,30202.74,27707.26,0.404,4.13,4.5,3.68,2,1.0,-3.81,0.075,0.06514874999999999,TAKER
10/04/2023 20:00:00,18/06/2023 13:45:00,Upscale-DUMMY_Gemini_BTCUSD_1h_01_07_22_to_16_06_23.csv,BTC_USD,FOUR_HOUR,211.3,0.004,11/04/2023 20:00:00,12/04/2023 16:00:00,12/04/2023 12:00:00,TAKE_PROFIT_HIT,LONG,29654.0,30753.9,30753.9,28554.11,0.561,3.58,3.85,4.31,2,1.0,4.31,0.075,0.088962,TAKER
30/08/2022 12:00:00,18/06/2023 13:45:00,Upscale-DUMMY_Gemini_BTCUSD_1h_01_07_22_to_16_06_23.csv,BTC_USD,FOUR_HOUR,215.61,0.005,01/09/2022 00:00:00,01/09/2022 08:00:00,01/09/2022 08:00:00,EXPIRED,LONG,19763.0,20071.0,20560.67,18965.33,0.458,3.88,4.21,3.91,2,1.0,1.47,0.075,0.07411124999999999,TAKER
17/10/2022 16:00:00,18/06/2023 13:45:00,Upscale-DUMMY_Gemini_BTCUSD_1h_01_07_22_to_16_06_23.csv,BTC_USD,FOUR_HOUR,217.08,0.006,19/10/2022 08:00:00,19/10/2022 12:00:00,19/10/2022 12:00:00,EXPIRED,LONG,19523.0,19268.0,20252.51,18793.49,0.54,3.6,3.88,4.29,2,1.0,-1.62,0.075,0.08785349999999999,TAKER
