Open,Last update,Platform,Symbol,Timeframe,Account balance at open,Size,Expected close,Expiry,Close,Status,Side,Opening price,Closing price,Take profit,Stop loss,Leverage,TP price %,SL price %,Expected profit,Risk %,R/R ratio,PnL,Fee %,Fee Amount,Order Type
18/07/2022 08:00:00,19/06/2023 17:14:47,Upscale-DUMMY_Gemini_BTCUSD_1h_01_07_22_to_16_06_23.csv,BTC_USD,FOUR_HOUR,200.0,0.005,20/07/2022 04:00:00,20/07/2022 04:00:00,19/07/2022 00:00:00,TAKE_PROFIT_HIT,LONG,22128.0,22907.97,22907.97,21348.03,0.553,3.4,3.65,3.82,2,1.0,3.82,0.075,0.08298,TAKER
30/08/2022 12:00:00,19/06/2023 17:14:47,Upscale-DUMMY_Gemini_BTCUSD_1h_01_07_22_to_16_06_23.csv,BTC_USD,FOUR_HOUR,203.82,0.005,01/09/2022 00:00:00,01/09/2022 08:00:00,01/09/2022 08:00:00,EXPIRED,LONG,19763.0,20071.0,20560.67,18965.33,0.485,3.88,4.21,3.91,2,1.0,1.47,0.075,0.07411124999999999,TAKER
02/09/2022 20:00:00,19/06/2023 17:14:48,Upscale-DUMMY_Gemini_BTCUSD_1h_01_07_22_to_16_06_23.csv,BTC_USD,FOUR_HOUR,205.29,0.006,04/09/2022 04:00:00,04/09/2022 16:00:00,04/09/2022 16:00:00,EXPIRED,LONG,19950.0,19886.0,20626.99,19273.01,0.583,3.28,3.51,3.97,2,1.0,-0.47,0.075,0.089775,TAKER
18/07/2022 12:00:00,19/06/2023 17:14:48,Upscale-DUMMY_Gemini_BTCUSD_1h_01_07_22_to_16_06_23.csv,BTC_USD,FOUR_HOUR,204.82,0.005,19/07/2022 08:00:00,20/07/2022 08:00:00,18/07/2022 16:00:00,STOP_LOSS_HIT,LONG,22694.0,21881.73,23506.27,21881.73,0.554,3.46,3.71,3.98,2,1.0,-4.15,0.075,0.0851025,TAKER
16/02/2023 00:00:00,19/06/2023 17:14:49,Upscale-DUMMY_Gemini_BTCUSD_1h_01_07_22_to_16_06_23.csv,BTC_USD,FOUR_HOUR,200.67,0.004,16/02/2023 16:00:00,17/02/2023 20:00:00,16/02/2023 20:00:00,STOP_LOSS_HIT,LONG,24741.0,23794.91,25687.09,23794.91,0.493,3.68,3.98,3.71,2,1.0,-3.86,0.075,0.074223,TAKER
29/04/2023 16:00:00,19/06/2023 17:14:52,Upscale-DUMMY_Gemini_BTCUSD_1h_01_07_22_to_16_06_23.csv,BTC_USD,FOUR_HOUR,196.81,0.004,01/05/2023 16:00:00,01/05/2023 12:00:00,01/05/2023 04:00:00,STOP_LOSS_HIT,LONG,29253.0,28331.8,30174.2,28331.8,0.595,3.05,3.25,3.6,2,1.0,-3.77,0.075,0.087759,TAKER
05/11/2022 04:00:00,19/06/2023 17:14:56,Upscale-DUMMY_Gemini_BTCUSD_1h_01_07_22_to_16_06_23.csv,BTC_USD,FOUR_HOUR,193.04,0.004,06/11/2022 04:00:00,07/11/2022 00:00:00,07/11/2022 00:00:00,EXPIRED,SHORT,21392.0,20916.0,20301.32,22482.68,0.443,5.37,4.85,4.3,2,1.0,1.84,0.075,0.064176,TAKER
11/08/2022 00:00:00,19/06/2023 17:15:10,Upscale-DUMMY_Gemini_BTCUSD_1h_01_07_22_to_16_06_23.csv,BTC_USD,FOUR_HOUR,194.88,0.005,11/08/2022 16:00:00,12/08/2022 20:00:00,12/08/2022 20:00:00,EXPIRED,LONG,24335.0,24415.0,25141.05,23528.96,0.624,3.21,3.43,3.94,2,1.0,0.31,0.075,0.09125625,TAKER
18/07/2022 12:00:00,19/06/2023 17:15:11,Upscale-DUMMY_Gemini_BTCUSD_1h_01_07_22_to_16_06_23.csv,BTC_USD,FOUR_HOUR,195.19,0.005,19/07/2022 08:00:00,20/07/2022 08:00:00,18/07/2022 16:00:00,STOP_LOSS_HIT,LONG,22694.0,21881.73,23506.27,21881.73,0.581,3.46,3.71,3.98,2,1.0,-4.15,0.075,0.0851025,TAKER
13/03/2023 16:00:00,19/06/2023 17:15:12,Upscale-DUMMY_Gemini_BTCUSD_1h_01_07_22_to_16_06_23.csv,BTC_USD,FOUR_HOUR,191.04,0.004,14/03/2023 16:00:00,15/03/2023 12:00:00,14/03/2023 12:00:00,STOP_LOSS_HIT,SHORT,24368.0,25306.16,23429.84,25306.16,0.51,4.0,3.71,3.68,2,1.0,-3.83,0.075,0.073104,TAKER
28/04/2023 00:00:00,19/06/2023 17:15:12,Upscale-DUMMY_Gemini_BTCUSD_1h_01_07_22_to_16_06_23.csv,BTC_USD,FOUR_HOUR,187.21,0.003,29/04/2023 16:00:00,29/04/2023 20:00:00,29/04/2023 20:00:00,EXPIRED,LONG,29409.0,29247.0,30562.7,28255.3,0.471,3.77,4.08,3.39,2,1.0,-0.55,0.075,0.06617025,TAKER
30/03/2023 00:00:00,19/06/2023 17:15:13,Upscale-DUMMY_Gemini_BTCUSD_1h_01_07_22_to_16_06_23.csv,BTC_USD,FOUR_HOUR,186.66,0.003,31/03/2023 00:00:00,31/03/2023 20:00:00,31/03/2023 20:00:00,EXPIRED,LONG,28491.0,28486.0,29557.74,27424.26,0.458,3.61,3.89,3.14,2,1.0,-0.08,0.075,0.06410475,TAKER
30/07/2022 20:00:00,19/06/2023 17:15:17,Upscale-DUMMY_Gemini_BTCUSD_1h_01_07_22_to_16_06_23.csv,BTC_USD,FOUR_HOUR,186.58,0.004,01/08/2022 08:00:00,01/08/2022 16:00:00,01/08/2022 16:00:00,EXPIRED,LONG,23643.0,22960.0,24488.9,22797.11,0.507,3.45,3.71,3.31,2,1.0,-2.8,0.075,0.070929,TAKER
11/04/2023 00:00:00,19/06/2023 17:15:18,Upscale-DUMMY_Gemini_BTCUSD_1h_01_07_22_to_16_06_23.csv,BTC_USD,FOUR_HOUR,183.78,0.004,11/04/2023 12:00:00,12/04/2023 20:00:00,12/04/2023 20:00:00,EXPIRED,LONG,30127.0,29903.0,31072.09,29181.91,0.656,3.04,3.24,3.69,2,1.0,-0.99,0.075,0.090381,TAKER
30/08/2022 12:00:00,19/06/2023 17:15:25,Upscale-DUMMY_Gemini_BTCUSD_1h_01_07_22_to_16_06_23.csv,BTC_USD,FOUR_HOUR,182.79,0.005,01/09/2022 00:00:00,01/09/2022 08:00:00,01/09/2022 08:00:00,EXPIRED,LONG,19763.0,20071.0,20560.67,18965.33,0.541,3.88,4.21,3.91,2,1.0,1.47,0.075,0.07411124999999999,TAKER
19/07/2022 04:00:00,19/06/2023 17:15:29,Upscale-DUMMY_Gemini_BTCUSD_1h_01_07_22_to_16_06_23.csv,BTC_USD,FOUR_HOUR,184.26,0.004,20/07/2022 16:00:00,21/07/2022 00:00:00,19/07/2022 12:00:00,TAKE_PROFIT_HIT,LONG,21779.0,22658.03,22658.03,20899.97,0.473,3.88,4.21,3.45,2,1.0,3.45,0.075,0.06533699999999999,TAKER
17/10/2022 16:00:00,19/06/2023 17:15:31,Upscale-DUMMY_Gemini_BTCUSD_1h_01_07_22_to_16_06_23.csv,BTC_USD,FOUR_HOUR,187.71,0.006,18/10/2022 08:00:00,19/10/2022 12:00:00,19/10/2022 12:00:00,EXPIRED,LONG,19523.0,19268.0,20172.29,18873.71,0.624,3.22,3.44,3.81,2,1.0,-1.62,0.075,0.08785349999999999,TAKER
14/01/2023 08:00:00,19/06/2023 17:15:36,Upscale-DUMMY_Gemini_BTCUSD_1h_01_07_22_to_16_06_23.csv,BTC_USD,FOUR_HOUR,186.09,0.004,15/01/2023 04:00:00,16/01/2023 04:00:00,16/01/2023 04:00:00,EXPIRED,LONG,20736.0,21129.0,21658.98,19813.03,0.446,4.26,4.66,3.63,2,1.0,1.51,0.075,0.062208,TAKER
16/02/2023 00:00:00,19/06/2023 17:15:38,Upscale-DUMMY_Gemini_BTCUSD_1h_01_07_22_to_16_06_23.csv,BTC_USD,FOUR_HOUR,187.6,0.004,16/02/2023 16:00:00,17/02/2023 20:00:00,16/02/2023 20:00:00,STOP_LOSS_HIT,LONG,24741.0,23794.91,25687.09,23794.91,0.528,3.68,3.98,3.71,2,1.0,-3.86,0.075,0.074223,TAKER
26/04/2023 08:00:00,19/06/2023 17:15:39,Upscale-DUMMY_Gemini_BTCUSD_1h_01_07_22_to_16_06_23.csv,BTC_USD,FOUR_HOUR,183.74,0.004,27/04/2023 20:00:00,28/04/2023 04:00:00,26/04/2023 12:00:00,TAKE_PROFIT_HIT,LONG,28955.0,29871.79,29871.79,28038.21,0.63,3.07,3.27,3.58,2,1.0,3.58,0.075,0.08686500000000001,TAKER
05/05/2023 00:00:00,19/06/2023 17:15:40,Upscale-DUMMY_Gemini_BTCUSD_1h_01_07_22_to_16_06_23.csv,BTC_USD,FOUR_HOUR,187.32,0.003,07/05/2023 00:00:00,06/05/2023 20:00:00,06/05/2023 20:00:00,EXPIRED,LONG,29198.0,28900.0,30277.53,28118.47,0.468,3.57,3.84,3.17,2,1.0,-0.96,0.075,0.0656955,TAKER
04/12/2022 20:00:00,19/06/2023 17:15:42,Upscale-DUMMY_Gemini_BTCUSD_1h_01_07_22_to_16_06_23.csv,BTC_USD,FOUR_HOUR,186.36,0.007,05/12/2022 20:00:00,06/12/2022 16:00:00,06/12/2022 16:00:00,EXPIRED,LONG,17113.0,16975.0,17626.52,16599.48,0.643,2.91,3.09,3.5,2,1.0,-1.06,0.075,0.08984325,TAKER
10/04/2023 20:00:00,19/06/2023 17:15:49,Upscale-DUMMY_Gemini_BTCUSD_1h_01_07_22_to_16_06_23.csv,BTC_USD,FOUR_HOUR,185.3,0.004,12/04/2023 12:00:00,12/04/2023 16:00:00,11/04/2023 16:00:00,TAKE_PROFIT_HIT,LONG,29654.0,30583.52,30583.52,28724.48,0.64,3.04,3.24,3.63,2,1.0,3.63,0.075,0.088962,TAKER
05/11/2022 04:00:00,19/06/2023 17:15:52,Upscale-DUMMY_Gemini_BTCUSD_1h_01_07_22_to_16_06_23.csv,BTC_USD,FOUR_HOUR,188.93,0.003,06/11/2022 04:00:00,07/11/2022 00:00:00,07/11/2022 00:00:00,EXPIRED,SHORT,21392.0,20916.0,20301.32,22482.68,0.34,5.37,4.85,3.22,2,1.0,1.38,0.075,0.048132,TAKER
15/02/2023 08:00:00,19/06/2023 17:15:55,Upscale-DUMMY_Gemini_BTCUSD_1h_01_07_22_to_16_06_23.csv,BTC_USD,FOUR_HOUR,190.31,0.005,16/02/2023 08:00:00,17/02/2023 04:00:00,15/02/2023 16:00:00,TAKE_PROFIT_HIT,LONG,22443.0,23283.3,23283.3,21602.7,0.59,3.61,3.89,4.12,2,1.0,4.12,0.075,0.08416124999999999,TAKER
09/04/2023 20:00:00,19/06/2023 17:15:58,Upscale-DUMMY_Gemini_BTCUSD_1h_01_07_22_to_16_06_23.csv,BTC_USD,FOUR_HOUR,194.43,0.004,10/04/2023 08:00:00,11/04/2023 16:00:00,10/04/2023 20:00:00,TAKE_PROFIT_HIT,LONG,28333.0,29331.43,29331.43,27334.57,0.583,3.4,3.65,3.91,2,1.0,3.91,0.075,0.084999,TAKER
11/04/2023 00:00:00,19/06/2023 17:16:00,Upscale-DUMMY_Gemini_BTCUSD_1h_01_07_22_to_16_06_23.csv,BTC_USD,FOUR_HOUR,198.34,0.004,11/04/2023 12:00:00,12/04/2023 20:00:00,12/04/2023 20:00:00,EXPIRED,LONG,30127.0,29903.0,31072.09,29181.91,0.608,3.04,3.24,3.69,2,1.0,-0.99,0.075,0.090381,TAKER
14/01/2023 08:00:00,19/06/2023 17:16:00,Upscale-DUMMY_Gemini_BTCUSD_1h_01_07_22_to_16_06_23.csv,BTC_USD,FOUR_HOUR,197.35,0.004,15/01/2023 04:00:00,16/01/2023 04:00:00,16/01/2023 04:00:00,EXPIRED,LONG,20736.0,21129.0,21658.98,19813.03,0.42,4.26,4.66,3.63,2,1.0,1.51,0.075,0.062208,TAKER
04/12/2022 20:00:00,19/06/2023 17:16:00,Upscale-DUMMY_Gemini_BTCUSD_1h_01_07_22_to_16_06_23.csv,BTC_USD,FOUR_HOUR,198.86,0.008,05/12/2022 20:00:00,06/12/2022 16:00:00,06/12/2022 16:00:00,EXPIRED,LONG,17113.0,16975.0,17626.52,16599.48,0.688,2.91,3.09,4.01,2,1.0,-1.21,0.075,0.10267799999999999,TAKER
19/07/2022 04:00:00,19/06/2023 17:16:05,Upscale-DUMMY_Gemini_BTCUSD_1h_01_07_22_to_16_06_23.csv,BTC_USD,FOUR_HOUR,197.65,0.004,20/07/2022 16:00:00,21/07/2022 00:00:00,19/07/2022 12:00:00,TAKE_PROFIT_HIT,LONG,21779.0,22658.03,22658.03,20899.97,0.441,3.88,4.21,3.45,2,1.0,3.45,0.075,0.06533699999999999,TAKER
30/08/2022 12:00:00,19/06/2023 17:16:14,Upscale-DUMMY_Gemini_BTCUSD_1h_01_07_22_to_16_06_23.csv,BTC_USD,FOUR_HOUR,201.1,0.005,01/09/2022 00:00:00,01/09/2022 08:00:00,01/09/2022 08:00:00,EXPIRED,LONG,19763.0,20071.0,20560.67,18965.33,0.491,3.88,4.21,3.91,2,1.0,1.47,0.075,0.07411124999999999,TAKER
