Open,Last update,Platform,Symbol,Timeframe,Account balance at open,Size,Expected close,Expiry,Close,Status,Side,Opening price,Closing price,Take profit,Stop loss,Leverage,TP price %,SL price %,Expected profit,Risk %,R/R ratio,PnL,Fee %,Fee Amount,Order Type
07/01/2023 00:00:00,17/06/2023 16:47:56,Upscale-DUMMY_Gemini_BTCUSD_1h_01_07_22_to_16_06_23.csv,BTC_USD,FOUR_HOUR,200.0,0.007,07/01/2023 12:00:00,08/01/2023 20:00:00,08/01/2023 20:00:00,EXPIRED,LONG,16947.0,17128.0,17505.33,16388.67,0.593,3.19,3.41,3.82,2,1.0,1.18,0.075,0.08897175,TAKER
13/03/2023 00:00:00,17/06/2023 16:47:57,Upscale-DUMMY_Gemini_BTCUSD_1h_01_07_22_to_16_06_23.csv,BTC_USD,FOUR_HOUR,201.18,0.005,14/03/2023 00:00:00,14/03/2023 20:00:00,13/03/2023 12:00:00,TAKE_PROFIT_HIT,LONG,22472.0,23253.17,23253.17,21690.84,0.559,3.36,3.6,3.82,2,1.0,3.82,0.075,0.08427,TAKER
07/01/2023 00:00:00,17/06/2023 16:47:58,Upscale-DUMMY_Gemini_BTCUSD_1h_01_07_22_to_16_06_23.csv,BTC_USD,FOUR_HOUR,205.0,0.007,07/01/2023 12:00:00,08/01/2023 20:00:00,08/01/2023 20:00:00,EXPIRED,LONG,16947.0,17128.0,17505.33,16388.67,0.579,3.19,3.41,3.82,2,1.0,1.18,0.075,0.08897175,TAKER
29/04/2023 16:00:00,17/06/2023 16:47:58,Upscale-DUMMY_Gemini_BTCUSD_1h_01_07_22_to_16_06_23.csv,BTC_USD,FOUR_HOUR,206.18,0.004,01/05/2023 16:00:00,01/05/2023 12:00:00,01/05/2023 04:00:00,STOP_LOSS_HIT,LONG,29253.0,28331.8,30174.2,28331.8,0.568,3.05,3.25,3.6,2,1.0,-3.77,0.075,0.087759,TAKER
04/05/2023 08:00:00,17/06/2023 16:47:59,Upscale-DUMMY_Gemini_BTCUSD_1h_01_07_22_to_16_06_23.csv,BTC_USD,FOUR_HOUR,202.41,0.003,06/05/2023 08:00:00,06/05/2023 04:00:00,06/05/2023 04:00:00,EXPIRED,LONG,29146.0,29409.0,30370.81,27921.2,0.432,4.03,4.39,3.61,2,1.0,0.72,0.075,0.0655785,TAKER
26/04/2023 04:00:00,17/06/2023 16:47:59,Upscale-DUMMY_Gemini_BTCUSD_1h_01_07_22_to_16_06_23.csv,BTC_USD,FOUR_HOUR,203.13,0.004,27/04/2023 00:00:00,28/04/2023 00:00:00,26/04/2023 12:00:00,TAKE_PROFIT_HIT,LONG,28373.0,29388.54,29388.54,27357.47,0.559,3.46,3.71,3.98,2,1.0,3.98,0.075,0.085119,TAKER
26/04/2023 08:00:00,17/06/2023 16:47:59,Upscale-DUMMY_Gemini_BTCUSD_1h_01_07_22_to_16_06_23.csv,BTC_USD,FOUR_HOUR,207.11,0.003,28/04/2023 08:00:00,28/04/2023 04:00:00,26/04/2023 16:00:00,STOP_LOSS_HIT,LONG,28955.0,27707.26,30202.74,27707.26,0.419,4.13,4.5,3.68,2,1.0,-3.81,0.075,0.06514874999999999,TAKER
17/10/2022 16:00:00,17/06/2023 16:47:59,Upscale-DUMMY_Gemini_BTCUSD_1h_01_07_22_to_16_06_23.csv,BTC_USD,FOUR_HOUR,203.3,0.006,18/10/2022 04:00:00,19/10/2022 12:00:00,19/10/2022 12:00:00,EXPIRED,LONG,19523.0,19268.0,20210.86,18835.14,0.576,3.4,3.65,4.04,2,1.0,-1.62,0.075,0.08785349999999999,TAKER
05/12/2022 08:00:00,17/06/2023 16:48:00,Upscale-DUMMY_Gemini_BTCUSD_1h_01_07_22_to_16_06_23.csv,BTC_USD,FOUR_HOUR,201.68,0.007,05/12/2022 20:00:00,07/12/2022 04:00:00,07/12/2022 04:00:00,STOP_LOSS_HIT,LONG,17317.0,16760.09,17873.91,16760.09,0.601,3.12,3.32,3.81,2,1.0,-3.99,0.075,0.09091425000000002,TAKER
29/05/2023 00:00:00,17/06/2023 16:48:01,Upscale-DUMMY_Gemini_BTCUSD_1h_01_07_22_to_16_06_23.csv,BTC_USD,FOUR_HOUR,197.69,0.004,29/05/2023 12:00:00,30/05/2023 20:00:00,30/05/2023 20:00:00,EXPIRED,LONG,27976.0,27702.0,28940.67,27011.33,0.566,3.33,3.57,3.77,2,1.0,-1.18,0.075,0.08392799999999999,TAKER
13/03/2023 20:00:00,17/06/2023 16:48:01,Upscale-DUMMY_Gemini_BTCUSD_1h_01_07_22_to_16_06_23.csv,BTC_USD,FOUR_HOUR,196.51,0.004,15/03/2023 12:00:00,15/03/2023 16:00:00,14/03/2023 12:00:00,TAKE_PROFIT_HIT,LONG,24237.0,25148.38,25148.38,23325.62,0.493,3.62,3.91,3.57,2,1.0,3.57,0.075,0.07271100000000001,TAKER
21/05/2023 20:00:00,17/06/2023 16:48:01,Upscale-DUMMY_Gemini_BTCUSD_1h_01_07_22_to_16_06_23.csv,BTC_USD,FOUR_HOUR,200.08,0.005,23/05/2023 04:00:00,23/05/2023 16:00:00,23/05/2023 16:00:00,EXPIRED,LONG,26756.0,27194.0,27624.75,25887.26,0.669,3.14,3.36,4.24,2,1.0,2.09,0.075,0.10033500000000001,TAKER
29/05/2023 00:00:00,17/06/2023 16:48:01,Upscale-DUMMY_Gemini_BTCUSD_1h_01_07_22_to_16_06_23.csv,BTC_USD,FOUR_HOUR,202.17,0.004,29/05/2023 12:00:00,30/05/2023 20:00:00,30/05/2023 20:00:00,EXPIRED,LONG,27976.0,27702.0,28940.67,27011.33,0.554,3.33,3.57,3.77,2,1.0,-1.18,0.075,0.08392799999999999,TAKER
19/07/2022 20:00:00,17/06/2023 16:48:01,Upscale-DUMMY_Gemini_BTCUSD_1h_01_07_22_to_16_06_23.csv,BTC_USD,FOUR_HOUR,200.99,0.005,20/07/2022 08:00:00,21/07/2022 16:00:00,20/07/2022 12:00:00,TAKE_PROFIT_HIT,LONG,23399.0,24132.83,24132.83,22665.17,0.582,3.04,3.24,3.58,2,1.0,3.58,0.075,0.08774625,TAKER
28/04/2023 00:00:00,17/06/2023 16:48:01,Upscale-DUMMY_Gemini_BTCUSD_1h_01_07_22_to_16_06_23.csv,BTC_USD,FOUR_HOUR,204.57,0.004,29/04/2023 16:00:00,29/04/2023 20:00:00,29/04/2023 20:00:00,EXPIRED,LONG,29409.0,29247.0,30562.7,28255.3,0.575,3.77,4.08,4.53,2,1.0,-0.74,0.075,0.088227,TAKER
18/07/2022 08:00:00,17/06/2023 16:48:02,Upscale-DUMMY_Gemini_BTCUSD_1h_01_07_22_to_16_06_23.csv,BTC_USD,FOUR_HOUR,203.83,0.005,19/07/2022 08:00:00,20/07/2022 04:00:00,19/07/2022 00:00:00,TAKE_PROFIT_HIT,LONG,22128.0,22929.17,22929.17,21326.83,0.543,3.49,3.76,3.92,2,1.0,3.92,0.075,0.08298,TAKER
18/07/2022 08:00:00,17/06/2023 16:48:02,Upscale-DUMMY_Gemini_BTCUSD_1h_01_07_22_to_16_06_23.csv,BTC_USD,FOUR_HOUR,207.75,0.005,19/07/2022 08:00:00,20/07/2022 04:00:00,19/07/2022 00:00:00,TAKE_PROFIT_HIT,LONG,22128.0,22929.17,22929.17,21326.83,0.533,3.49,3.76,3.92,2,1.0,3.92,0.075,0.08298,TAKER
07/07/2022 00:00:00,17/06/2023 16:48:04,Upscale-DUMMY_Gemini_BTCUSD_1h_01_07_22_to_16_06_23.csv,BTC_USD,FOUR_HOUR,211.67,0.006,08/07/2022 00:00:00,08/07/2022 20:00:00,07/07/2022 16:00:00,TAKE_PROFIT_HIT,LONG,20461.0,21115.44,21115.44,19806.56,0.58,3.1,3.3,3.83,2,1.0,3.83,0.075,0.0920745,TAKER
18/07/2022 08:00:00,17/06/2023 16:48:04,Upscale-DUMMY_Gemini_BTCUSD_1h_01_07_22_to_16_06_23.csv,BTC_USD,FOUR_HOUR,215.5,0.005,19/07/2022 08:00:00,20/07/2022 04:00:00,19/07/2022 00:00:00,TAKE_PROFIT_HIT,LONG,22128.0,22929.17,22929.17,21326.83,0.513,3.49,3.76,3.92,2,1.0,3.92,0.075,0.08298,TAKER
