Open,Last update,Platform,Symbol,Timeframe,Account balance at open,Size,Expected close,Expiry,Close,Status,Side,Opening price,Closing price,Take profit,Stop loss,Leverage,TP price %,SL price %,Expected profit,Risk %,R/R ratio,PnL,Fee %,Fee Amount,Order Type
15/02/2023 08:00:00,17/06/2023 16:57:12,Upscale-DUMMY_Gemini_BTCUSD_1h_01_07_22_to_16_06_23.csv,BTC_USD,FOUR_HOUR,200.0,0.004,16/02/2023 08:00:00,17/02/2023 04:00:00,15/02/2023 20:00:00,TAKE_PROFIT_HIT,LONG,22443.0,23431.98,23431.98,21454.02,0.449,4.22,4.61,3.89,2,1.0,3.89,0.075,0.067329,TAKER
14/01/2023 04:00:00,17/06/2023 16:57:12,Upscale-DUMMY_Gemini_BTCUSD_1h_01_07_22_to_16_06_23.csv,BTC_USD,FOUR_HOUR,203.89,0.005,15/01/2023 04:00:00,16/01/2023 00:00:00,16/01/2023 00:00:00,EXPIRED,LONG,20911.0,21087.0,21654.34,20167.66,0.513,3.43,3.69,3.64,2,1.0,0.8,0.075,0.07841625,TAKER
20/12/2022 12:00:00,17/06/2023 16:57:12,Upscale-DUMMY_Gemini_BTCUSD_1h_01_07_22_to_16_06_23.csv,BTC_USD,FOUR_HOUR,204.69,0.006,22/12/2022 08:00:00,22/12/2022 08:00:00,22/12/2022 08:00:00,EXPIRED,LONG,16905.0,16832.0,17637.54,16172.46,0.496,4.15,4.53,4.32,2,1.0,-0.51,0.075,0.0760725,TAKER
19/07/2022 20:00:00,17/06/2023 16:57:13,Upscale-DUMMY_Gemini_BTCUSD_1h_01_07_22_to_16_06_23.csv,BTC_USD,FOUR_HOUR,204.18,0.006,20/07/2022 08:00:00,21/07/2022 16:00:00,20/07/2022 12:00:00,TAKE_PROFIT_HIT,LONG,23399.0,24132.83,24132.83,22665.17,0.688,3.04,3.24,4.3,2,1.0,4.3,0.075,0.1052955,TAKER
17/10/2022 16:00:00,17/06/2023 16:57:13,Upscale-DUMMY_Gemini_BTCUSD_1h_01_07_22_to_16_06_23.csv,BTC_USD,FOUR_HOUR,208.48,0.006,18/10/2022 04:00:00,19/10/2022 12:00:00,19/10/2022 12:00:00,EXPIRED,LONG,19523.0,19268.0,20210.86,18835.14,0.562,3.4,3.65,4.04,2,1.0,-1.62,0.075,0.08785349999999999,TAKER
16/02/2023 00:00:00,17/06/2023 16:57:13,Upscale-DUMMY_Gemini_BTCUSD_1h_01_07_22_to_16_06_23.csv,BTC_USD,FOUR_HOUR,206.86,0.005,16/02/2023 12:00:00,17/02/2023 20:00:00,16/02/2023 20:00:00,STOP_LOSS_HIT,LONG,24741.0,23924.26,25557.74,23924.26,0.598,3.2,3.41,3.99,2,1.0,-4.18,0.075,0.09277875,TAKER
28/01/2023 20:00:00,17/06/2023 16:57:13,Upscale-DUMMY_Gemini_BTCUSD_1h_01_07_22_to_16_06_23.csv,BTC_USD,FOUR_HOUR,202.68,0.006,30/01/2023 16:00:00,30/01/2023 16:00:00,29/01/2023 16:00:00,TAKE_PROFIT_HIT,LONG,23031.0,23747.94,23747.94,22314.06,0.682,3.02,3.21,4.2,2,1.0,4.2,0.075,0.10363950000000001,TAKER
21/05/2023 20:00:00,17/06/2023 16:57:14,Upscale-DUMMY_Gemini_BTCUSD_1h_01_07_22_to_16_06_23.csv,BTC_USD,FOUR_HOUR,206.88,0.005,23/05/2023 04:00:00,23/05/2023 16:00:00,23/05/2023 16:00:00,EXPIRED,LONG,26756.0,27194.0,27624.75,25887.26,0.647,3.14,3.36,4.24,2,1.0,2.09,0.075,0.10033500000000001,TAKER
14/01/2023 04:00:00,17/06/2023 16:57:15,Upscale-DUMMY_Gemini_BTCUSD_1h_01_07_22_to_16_06_23.csv,BTC_USD,FOUR_HOUR,208.97,0.006,15/01/2023 04:00:00,16/01/2023 00:00:00,16/01/2023 00:00:00,EXPIRED,LONG,20911.0,21087.0,21654.34,20167.66,0.6,3.43,3.69,4.37,2,1.0,0.96,0.075,0.0940995,TAKER
12/01/2023 08:00:00,17/06/2023 16:57:15,Upscale-DUMMY_Gemini_BTCUSD_1h_01_07_22_to_16_06_23.csv,BTC_USD,FOUR_HOUR,209.93,0.007,12/01/2023 12:00:00,14/01/2023 04:00:00,12/01/2023 16:00:00,TAKE_PROFIT_HIT,LONG,18204.0,18770.05,18770.05,17637.95,0.607,3.02,3.21,3.87,2,1.0,3.87,0.075,0.095571,TAKER
16/02/2023 00:00:00,17/06/2023 16:57:16,Upscale-DUMMY_Gemini_BTCUSD_1h_01_07_22_to_16_06_23.csv,BTC_USD,FOUR_HOUR,213.8,0.005,16/02/2023 12:00:00,17/02/2023 20:00:00,16/02/2023 20:00:00,STOP_LOSS_HIT,LONG,24741.0,23924.26,25557.74,23924.26,0.579,3.2,3.41,3.99,2,1.0,-4.18,0.075,0.09277875,TAKER
26/04/2023 04:00:00,17/06/2023 16:57:17,Upscale-DUMMY_Gemini_BTCUSD_1h_01_07_22_to_16_06_23.csv,BTC_USD,FOUR_HOUR,209.62,0.004,27/04/2023 00:00:00,28/04/2023 00:00:00,26/04/2023 12:00:00,TAKE_PROFIT_HIT,LONG,28373.0,29388.54,29388.54,27357.47,0.541,3.46,3.71,3.98,2,1.0,3.98,0.075,0.085119,TAKER
28/01/2023 20:00:00,17/06/2023 16:57:17,Upscale-DUMMY_Gemini_BTCUSD_1h_01_07_22_to_16_06_23.csv,BTC_USD,FOUR_HOUR,213.6,0.006,30/01/2023 16:00:00,30/01/2023 16:00:00,29/01/2023 16:00:00,TAKE_PROFIT_HIT,LONG,23031.0,23747.94,23747.94,22314.06,0.647,3.02,3.21,4.2,2,1.0,4.2,0.075,0.10363950000000001,TAKER
02/09/2022 20:00:00,17/06/2023 16:57:17,Upscale-DUMMY_Gemini_BTCUSD_1h_01_07_22_to_16_06_23.csv,BTC_USD,FOUR_HOUR,217.8,0.006,04/09/2022 04:00:00,04/09/2022 16:00:00,04/09/2022 16:00:00,EXPIRED,LONG,19950.0,19886.0,20626.99,19273.01,0.55,3.28,3.51,3.97,2,1.0,-0.47,0.075,0.089775,TAKER
14/01/2023 04:00:00,17/06/2023 16:57:17,Upscale-DUMMY_Gemini_BTCUSD_1h_01_07_22_to_16_06_23.csv,BTC_USD,FOUR_HOUR,217.33,0.006,15/01/2023 04:00:00,16/01/2023 00:00:00,16/01/2023 00:00:00,EXPIRED,LONG,20911.0,21087.0,21654.34,20167.66,0.577,3.43,3.69,4.37,2,1.0,0.96,0.075,0.0940995,TAKER
15/02/2023 00:00:00,17/06/2023 16:57:17,Upscale-DUMMY_Gemini_BTCUSD_1h_01_07_22_to_16_06_23.csv,BTC_USD,FOUR_HOUR,218.29,0.005,16/02/2023 12:00:00,16/02/2023 20:00:00,15/02/2023 16:00:00,TAKE_PROFIT_HIT,LONG,22106.0,22974.96,22974.96,21237.04,0.506,3.78,4.09,4.26,2,1.0,4.26,0.075,0.0828975,TAKER
30/08/2022 12:00:00,17/06/2023 16:57:18,Upscale-DUMMY_Gemini_BTCUSD_1h_01_07_22_to_16_06_23.csv,BTC_USD,FOUR_HOUR,222.55,0.006,01/09/2022 00:00:00,01/09/2022 08:00:00,01/09/2022 08:00:00,EXPIRED,LONG,19763.0,20071.0,20560.67,18965.33,0.533,3.88,4.21,4.7,2,1.0,1.76,0.075,0.0889335,TAKER
05/11/2022 04:00:00,17/06/2023 16:57:18,Upscale-DUMMY_Gemini_BTCUSD_1h_01_07_22_to_16_06_23.csv,BTC_USD,FOUR_HOUR,224.31,0.004,06/11/2022 04:00:00,07/11/2022 00:00:00,07/11/2022 00:00:00,EXPIRED,SHORT,21392.0,20916.0,20130.26,22653.74,0.381,6.27,5.57,4.98,2,1.0,1.84,0.075,0.064176,TAKER
02/01/2023 16:00:00,17/06/2023 16:57:18,Upscale-DUMMY_Gemini_BTCUSD_1h_01_07_22_to_16_06_23.csv,BTC_USD,FOUR_HOUR,226.15,0.008,04/01/2023 16:00:00,04/01/2023 12:00:00,04/01/2023 12:00:00,EXPIRED,LONG,16732.0,16846.0,17307.58,16156.42,0.592,3.33,3.56,4.5,2,1.0,0.81,0.075,0.100392,TAKER
05/12/2022 08:00:00,17/06/2023 16:57:18,Upscale-DUMMY_Gemini_BTCUSD_1h_01_07_22_to_16_06_23.csv,BTC_USD,FOUR_HOUR,226.96,0.008,05/12/2022 20:00:00,07/12/2022 04:00:00,07/12/2022 04:00:00,STOP_LOSS_HIT,LONG,17317.0,16760.09,17873.91,16760.09,0.61,3.12,3.32,4.35,2,1.0,-4.56,0.075,0.103902,TAKER
10/04/2023 16:00:00,17/06/2023 16:57:19,Upscale-DUMMY_Gemini_BTCUSD_1h_01_07_22_to_16_06_23.csv,BTC_USD,FOUR_HOUR,222.4,0.003,11/04/2023 08:00:00,12/04/2023 12:00:00,11/04/2023 16:00:00,TAKE_PROFIT_HIT,LONG,29187.0,30503.7,30503.7,27870.3,0.394,4.32,4.72,3.88,2,1.0,3.88,0.075,0.06567075,TAKER
05/05/2023 00:00:00,17/06/2023 16:57:19,Upscale-DUMMY_Gemini_BTCUSD_1h_01_07_22_to_16_06_23.csv,BTC_USD,FOUR_HOUR,226.28,0.004,07/05/2023 00:00:00,06/05/2023 20:00:00,06/05/2023 20:00:00,EXPIRED,LONG,29198.0,28900.0,30442.9,27953.1,0.516,4.09,4.45,4.89,2,1.0,-1.28,0.075,0.08759399999999999,TAKER
18/07/2022 08:00:00,17/06/2023 16:57:19,Upscale-DUMMY_Gemini_BTCUSD_1h_01_07_22_to_16_06_23.csv,BTC_USD,FOUR_HOUR,225.0,0.006,19/07/2022 08:00:00,20/07/2022 04:00:00,19/07/2022 00:00:00,TAKE_PROFIT_HIT,LONG,22128.0,22929.17,22929.17,21326.83,0.59,3.49,3.76,4.71,2,1.0,4.71,0.075,0.099576,TAKER
29/03/2023 16:00:00,17/06/2023 16:57:19,Upscale-DUMMY_Gemini_BTCUSD_1h_01_07_22_to_16_06_23.csv,BTC_USD,FOUR_HOUR,229.71,0.004,31/03/2023 04:00:00,31/03/2023 12:00:00,31/03/2023 12:00:00,EXPIRED,LONG,28416.0,28499.0,29510.02,27321.99,0.495,3.71,4.0,4.29,2,1.0,0.25,0.075,0.08524799999999999,TAKER
16/02/2023 00:00:00,17/06/2023 16:57:19,Upscale-DUMMY_Gemini_BTCUSD_1h_01_07_22_to_16_06_23.csv,BTC_USD,FOUR_HOUR,229.96,0.006,16/02/2023 12:00:00,17/02/2023 20:00:00,16/02/2023 20:00:00,STOP_LOSS_HIT,LONG,24741.0,23924.26,25557.74,23924.26,0.646,3.2,3.41,4.79,2,1.0,-5.01,0.075,0.1113345,TAKER
09/04/2023 00:00:00,17/06/2023 16:57:19,Upscale-DUMMY_Gemini_BTCUSD_1h_01_07_22_to_16_06_23.csv,BTC_USD,FOUR_HOUR,224.95,0.005,11/04/2023 00:00:00,10/04/2023 20:00:00,10/04/2023 16:00:00,TAKE_PROFIT_HIT,LONG,28058.0,28964.27,28964.27,27151.73,0.624,3.13,3.34,4.43,2,1.0,4.43,0.075,0.10521749999999999,TAKER
13/03/2023 20:00:00,17/06/2023 16:57:19,Upscale-DUMMY_Gemini_BTCUSD_1h_01_07_22_to_16_06_23.csv,BTC_USD,FOUR_HOUR,229.38,0.005,15/03/2023 12:00:00,15/03/2023 16:00:00,14/03/2023 12:00:00,TAKE_PROFIT_HIT,LONG,24237.0,25148.38,25148.38,23325.62,0.528,3.62,3.91,4.47,2,1.0,4.47,0.075,0.09088875,TAKER
29/05/2023 00:00:00,17/06/2023 16:57:20,Upscale-DUMMY_Gemini_BTCUSD_1h_01_07_22_to_16_06_23.csv,BTC_USD,FOUR_HOUR,233.85,0.005,29/05/2023 12:00:00,30/05/2023 20:00:00,30/05/2023 20:00:00,EXPIRED,LONG,27976.0,27702.0,28940.67,27011.33,0.598,3.33,3.57,4.72,2,1.0,-1.47,0.075,0.10491,TAKER
