Open,Last update,Platform,Symbol,Timeframe,Account balance at open,Size,Expected close,Expiry,Close,Status,Side,Opening price,Closing price,Take profit,Stop loss,Leverage,TP price %,SL price %,Expected profit,Risk %,R/R ratio,PnL,Fee %,Fee Amount,Order Type
20/12/2022 12:00:00,17/06/2023 16:55:48,Upscale-DUMMY_Gemini_BTCUSD_1h_01_07_22_to_16_06_23.csv,BTC_USD,FOUR_HOUR,200.0,0.005,22/12/2022 08:00:00,22/12/2022 08:00:00,22/12/2022 08:00:00,EXPIRED,LONG,16905.0,16832.0,17637.54,16172.46,0.423,4.15,4.53,3.6,2,1.0,-0.43,0.075,0.06339375,TAKER
09/04/2023 00:00:00,17/06/2023 16:55:48,Upscale-DUMMY_Gemini_BTCUSD_1h_01_07_22_to_16_06_23.csv,BTC_USD,FOUR_HOUR,199.57,0.004,11/04/2023 00:00:00,10/04/2023 20:00:00,10/04/2023 16:00:00,TAKE_PROFIT_HIT,LONG,28058.0,28964.27,28964.27,27151.73,0.562,3.13,3.34,3.54,2,1.0,3.54,0.075,0.08417399999999998,TAKER
17/10/2022 16:00:00,17/06/2023 16:55:48,Upscale-DUMMY_Gemini_BTCUSD_1h_01_07_22_to_16_06_23.csv,BTC_USD,FOUR_HOUR,203.11,0.006,18/10/2022 04:00:00,19/10/2022 12:00:00,19/10/2022 12:00:00,EXPIRED,LONG,19523.0,19268.0,20210.86,18835.14,0.577,3.4,3.65,4.04,2,1.0,-1.62,0.075,0.08785349999999999,TAKER
11/08/2022 04:00:00,17/06/2023 16:55:49,Upscale-DUMMY_Gemini_BTCUSD_1h_01_07_22_to_16_06_23.csv,BTC_USD,FOUR_HOUR,201.49,0.005,13/08/2022 04:00:00,13/08/2022 00:00:00,13/08/2022 00:00:00,EXPIRED,LONG,24446.0,24815.0,25330.43,23561.57,0.607,3.49,3.75,4.33,2,1.0,1.75,0.075,0.09167249999999999,TAKER
29/05/2023 00:00:00,17/06/2023 16:55:50,Upscale-DUMMY_Gemini_BTCUSD_1h_01_07_22_to_16_06_23.csv,BTC_USD,FOUR_HOUR,203.24,0.004,29/05/2023 12:00:00,30/05/2023 20:00:00,30/05/2023 20:00:00,EXPIRED,LONG,27976.0,27702.0,28940.67,27011.33,0.551,3.33,3.57,3.77,2,1.0,-1.18,0.075,0.08392799999999999,TAKER
07/07/2022 00:00:00,17/06/2023 16:55:50,Upscale-DUMMY_Gemini_BTCUSD_1h_01_07_22_to_16_06_23.csv,BTC_USD,FOUR_HOUR,202.06,0.006,08/07/2022 00:00:00,08/07/2022 20:00:00,07/07/2022 16:00:00,TAKE_PROFIT_HIT,LONG,20461.0,21115.44,21115.44,19806.56,0.608,3.1,3.3,3.83,2,1.0,3.83,0.075,0.0920745,TAKER
12/01/2023 04:00:00,17/06/2023 16:55:50,Upscale-DUMMY_Gemini_BTCUSD_1h_01_07_22_to_16_06_23.csv,BTC_USD,FOUR_HOUR,205.89,0.004,12/01/2023 16:00:00,14/01/2023 00:00:00,13/01/2023 12:00:00,TAKE_PROFIT_HIT,LONG,18125.0,19147.42,19147.42,17102.58,0.352,5.34,5.98,4.04,2,1.0,4.04,0.075,0.054375,TAKER
17/10/2022 16:00:00,17/06/2023 16:55:51,Upscale-DUMMY_Gemini_BTCUSD_1h_01_07_22_to_16_06_23.csv,BTC_USD,FOUR_HOUR,209.93,0.006,18/10/2022 04:00:00,19/10/2022 12:00:00,19/10/2022 12:00:00,EXPIRED,LONG,19523.0,19268.0,20210.86,18835.14,0.558,3.4,3.65,4.04,2,1.0,-1.62,0.075,0.08785349999999999,TAKER
16/02/2023 00:00:00,17/06/2023 16:55:52,Upscale-DUMMY_Gemini_BTCUSD_1h_01_07_22_to_16_06_23.csv,BTC_USD,FOUR_HOUR,208.31,0.005,16/02/2023 12:00:00,17/02/2023 20:00:00,16/02/2023 20:00:00,STOP_LOSS_HIT,LONG,24741.0,23924.26,25557.74,23924.26,0.594,3.2,3.41,3.99,2,1.0,-4.18,0.075,0.09277875,TAKER
19/07/2022 20:00:00,17/06/2023 16:55:52,Upscale-DUMMY_Gemini_BTCUSD_1h_01_07_22_to_16_06_23.csv,BTC_USD,FOUR_HOUR,204.13,0.006,20/07/2022 08:00:00,21/07/2022 16:00:00,20/07/2022 12:00:00,TAKE_PROFIT_HIT,LONG,23399.0,24132.83,24132.83,22665.17,0.688,3.04,3.24,4.3,2,1.0,4.3,0.075,0.1052955,TAKER
14/01/2023 04:00:00,17/06/2023 16:55:52,Upscale-DUMMY_Gemini_BTCUSD_1h_01_07_22_to_16_06_23.csv,BTC_USD,FOUR_HOUR,208.43,0.006,15/01/2023 04:00:00,16/01/2023 00:00:00,16/01/2023 00:00:00,EXPIRED,LONG,20911.0,21087.0,21654.34,20167.66,0.602,3.43,3.69,4.37,2,1.0,0.96,0.075,0.0940995,TAKER
14/01/2023 08:00:00,17/06/2023 16:55:53,Upscale-DUMMY_Gemini_BTCUSD_1h_01_07_22_to_16_06_23.csv,BTC_USD,FOUR_HOUR,209.39,0.004,15/01/2023 04:00:00,16/01/2023 04:00:00,16/01/2023 04:00:00,EXPIRED,LONG,20736.0,21129.0,21755.22,19716.78,0.396,4.68,5.17,4.01,2,1.0,1.51,0.075,0.062208,TAKER
02/01/2023 20:00:00,17/06/2023 16:55:53,Upscale-DUMMY_Gemini_BTCUSD_1h_01_07_22_to_16_06_23.csv,BTC_USD,FOUR_HOUR,210.9,0.006,03/01/2023 20:00:00,04/01/2023 16:00:00,04/01/2023 16:00:00,EXPIRED,LONG,16667.0,16831.0,17350.09,15983.91,0.474,3.94,4.27,4.02,2,1.0,0.91,0.075,0.0750015,TAKER
02/01/2023 16:00:00,17/06/2023 16:55:53,Upscale-DUMMY_Gemini_BTCUSD_1h_01_07_22_to_16_06_23.csv,BTC_USD,FOUR_HOUR,211.81,0.007,04/01/2023 16:00:00,04/01/2023 12:00:00,04/01/2023 12:00:00,EXPIRED,LONG,16732.0,16846.0,17307.58,16156.42,0.553,3.33,3.56,3.94,2,1.0,0.71,0.075,0.087843,TAKER
11/08/2022 04:00:00,17/06/2023 16:55:54,Upscale-DUMMY_Gemini_BTCUSD_1h_01_07_22_to_16_06_23.csv,BTC_USD,FOUR_HOUR,212.52,0.005,13/08/2022 04:00:00,13/08/2022 00:00:00,13/08/2022 00:00:00,EXPIRED,LONG,24446.0,24815.0,25330.43,23561.57,0.575,3.49,3.75,4.33,2,1.0,1.75,0.075,0.09167249999999999,TAKER
21/05/2023 20:00:00,17/06/2023 16:55:54,Upscale-DUMMY_Gemini_BTCUSD_1h_01_07_22_to_16_06_23.csv,BTC_USD,FOUR_HOUR,214.27,0.005,23/05/2023 04:00:00,23/05/2023 16:00:00,23/05/2023 16:00:00,EXPIRED,LONG,26756.0,27194.0,27624.75,25887.26,0.624,3.14,3.36,4.24,2,1.0,2.09,0.075,0.10033500000000001,TAKER
29/03/2023 12:00:00,17/06/2023 16:55:54,Upscale-DUMMY_Gemini_BTCUSD_1h_01_07_22_to_16_06_23.csv,BTC_USD,FOUR_HOUR,216.36,0.005,30/03/2023 00:00:00,31/03/2023 08:00:00,31/03/2023 08:00:00,EXPIRED,LONG,28454.0,27929.0,29391.43,27516.57,0.658,3.19,3.41,4.58,2,1.0,-2.73,0.075,0.1067025,TAKER
21/05/2023 20:00:00,17/06/2023 16:55:54,Upscale-DUMMY_Gemini_BTCUSD_1h_01_07_22_to_16_06_23.csv,BTC_USD,FOUR_HOUR,213.63,0.005,23/05/2023 04:00:00,23/05/2023 16:00:00,23/05/2023 16:00:00,EXPIRED,LONG,26756.0,27194.0,27624.75,25887.26,0.626,3.14,3.36,4.24,2,1.0,2.09,0.075,0.10033500000000001,TAKER
25/10/2022 16:00:00,17/06/2023 16:55:54,Upscale-DUMMY_Gemini_BTCUSD_1h_01_07_22_to_16_06_23.csv,BTC_USD,FOUR_HOUR,215.72,0.006,26/10/2022 20:00:00,27/10/2022 12:00:00,26/10/2022 12:00:00,TAKE_PROFIT_HIT,LONG,20281.0,20999.32,20999.32,19562.68,0.564,3.42,3.67,4.22,2,1.0,4.22,0.075,0.0912645,TAKER
02/01/2023 20:00:00,17/06/2023 16:55:54,Upscale-DUMMY_Gemini_BTCUSD_1h_01_07_22_to_16_06_23.csv,BTC_USD,FOUR_HOUR,219.94,0.006,03/01/2023 20:00:00,04/01/2023 16:00:00,04/01/2023 16:00:00,EXPIRED,LONG,16667.0,16831.0,17350.09,15983.91,0.455,3.94,4.27,4.02,2,1.0,0.91,0.075,0.0750015,TAKER
29/04/2023 16:00:00,17/06/2023 16:55:54,Upscale-DUMMY_Gemini_BTCUSD_1h_01_07_22_to_16_06_23.csv,BTC_USD,FOUR_HOUR,220.85,0.005,01/05/2023 16:00:00,01/05/2023 12:00:00,01/05/2023 04:00:00,STOP_LOSS_HIT,LONG,29253.0,28331.8,30174.2,28331.8,0.662,3.05,3.25,4.5,2,1.0,-4.72,0.075,0.10969875,TAKER
28/04/2023 00:00:00,17/06/2023 16:55:54,Upscale-DUMMY_Gemini_BTCUSD_1h_01_07_22_to_16_06_23.csv,BTC_USD,FOUR_HOUR,216.13,0.004,29/04/2023 16:00:00,29/04/2023 20:00:00,29/04/2023 20:00:00,EXPIRED,LONG,29409.0,29247.0,30562.7,28255.3,0.544,3.77,4.08,4.53,2,1.0,-0.74,0.075,0.088227,TAKER
05/05/2023 00:00:00,17/06/2023 16:55:55,Upscale-DUMMY_Gemini_BTCUSD_1h_01_07_22_to_16_06_23.csv,BTC_USD,FOUR_HOUR,215.39,0.003,07/05/2023 00:00:00,06/05/2023 20:00:00,06/05/2023 20:00:00,EXPIRED,LONG,29198.0,28900.0,30442.9,27953.1,0.407,4.09,4.45,3.67,2,1.0,-0.96,0.075,0.0656955,TAKER
21/05/2023 20:00:00,17/06/2023 16:55:56,Upscale-DUMMY_Gemini_BTCUSD_1h_01_07_22_to_16_06_23.csv,BTC_USD,FOUR_HOUR,214.43,0.005,23/05/2023 04:00:00,23/05/2023 16:00:00,23/05/2023 16:00:00,EXPIRED,LONG,26756.0,27194.0,27624.75,25887.26,0.624,3.14,3.36,4.24,2,1.0,2.09,0.075,0.10033500000000001,TAKER
15/02/2023 00:00:00,17/06/2023 16:55:56,Upscale-DUMMY_Gemini_BTCUSD_1h_01_07_22_to_16_06_23.csv,BTC_USD,FOUR_HOUR,216.52,0.005,16/02/2023 12:00:00,16/02/2023 20:00:00,15/02/2023 16:00:00,TAKE_PROFIT_HIT,LONG,22106.0,22974.96,22974.96,21237.04,0.51,3.78,4.09,4.26,2,1.0,4.26,0.075,0.0828975,TAKER
