Open,Last update,Platform,Symbol,Timeframe,Account balance at open,Size,Expected close,Expiry,Close,Status,Side,Opening price,Closing price,Take profit,Stop loss,Leverage,TP price %,SL price %,Expected profit,Risk %,R/R ratio,PnL,Fee %,Fee Amount,Order Type
18/10/2022 09:00:00,18/06/2023 11:39:49,DUMMY_Gemini_BTCUSD_1h_01_07_22_to_16_06_23.csv,BTC_USD,HOUR,200.0,0.005,18/10/2022 10:00:00,18/10/2022 16:00:00,18/10/2022 16:00:00,EXPIRED,LONG,19530.0,19416.0,20262.85,18797.15,0.488,3.62,3.9,3.59,2,1.0,-0.64,0.075,0.07323750000000001,TAKER
22/11/2022 15:00:00,18/06/2023 11:39:52,DUMMY_Gemini_BTCUSD_1h_01_07_22_to_16_06_23.csv,BTC_USD,HOUR,199.36,0.008,22/11/2022 19:00:00,22/11/2022 22:00:00,22/11/2022 22:00:00,EXPIRED,LONG,16248.0,16153.0,16772.77,15723.23,0.652,3.13,3.34,4.1,2,1.0,-0.86,0.075,0.097488,TAKER
23/10/2022 06:00:00,18/06/2023 11:39:59,DUMMY_Gemini_BTCUSD_1h_01_07_22_to_16_06_23.csv,BTC_USD,HOUR,198.5,0.006,23/10/2022 14:00:00,23/10/2022 13:00:00,23/10/2022 13:00:00,EXPIRED,LONG,19181.0,19181.0,19827.19,18534.81,0.58,3.26,3.49,3.79,2,1.0,-0.09,0.075,0.08631449999999999,TAKER
02/05/2023 15:00:00,18/06/2023 11:40:01,DUMMY_Gemini_BTCUSD_1h_01_07_22_to_16_06_23.csv,BTC_USD,HOUR,198.41,0.004,02/05/2023 19:00:00,02/05/2023 22:00:00,02/05/2023 22:00:00,EXPIRED,LONG,28546.0,28749.0,29537.62,27554.38,0.575,3.36,3.6,3.88,2,1.0,0.73,0.075,0.08563799999999999,TAKER
26/04/2023 08:00:00,18/06/2023 11:40:04,DUMMY_Gemini_BTCUSD_1h_01_07_22_to_16_06_23.csv,BTC_USD,HOUR,199.14,0.005,26/04/2023 16:00:00,26/04/2023 15:00:00,26/04/2023 12:00:00,TAKE_PROFIT_HIT,LONG,28732.0,29615.66,29615.66,27848.34,0.721,2.98,3.17,4.31,2,1.0,4.31,0.075,0.107745,TAKER
22/11/2022 15:00:00,18/06/2023 11:40:06,DUMMY_Gemini_BTCUSD_1h_01_07_22_to_16_06_23.csv,BTC_USD,HOUR,203.45,0.008,22/11/2022 19:00:00,22/11/2022 22:00:00,22/11/2022 22:00:00,EXPIRED,LONG,16248.0,16153.0,16772.77,15723.23,0.639,3.13,3.34,4.1,2,1.0,-0.86,0.075,0.097488,TAKER
22/10/2022 23:00:00,18/06/2023 11:40:16,DUMMY_Gemini_BTCUSD_1h_01_07_22_to_16_06_23.csv,BTC_USD,HOUR,202.59,0.007,23/10/2022 06:00:00,23/10/2022 06:00:00,23/10/2022 06:00:00,EXPIRED,LONG,19205.0,19181.0,19783.32,18626.68,0.664,2.92,3.1,3.95,2,1.0,-0.27,0.075,0.10082625,TAKER
22/04/2023 15:00:00,18/06/2023 11:40:19,DUMMY_Gemini_BTCUSD_1h_01_07_22_to_16_06_23.csv,BTC_USD,HOUR,202.32,0.005,22/04/2023 18:00:00,22/04/2023 22:00:00,22/04/2023 22:00:00,EXPIRED,LONG,27480.0,27867.0,28351.07,26608.93,0.679,3.07,3.27,4.25,2,1.0,1.83,0.075,0.10305,TAKER
04/12/2022 02:00:00,18/06/2023 11:40:24,DUMMY_Gemini_BTCUSD_1h_01_07_22_to_16_06_23.csv,BTC_USD,HOUR,204.15,0.007,04/12/2022 08:00:00,04/12/2022 09:00:00,04/12/2022 09:00:00,EXPIRED,LONG,16979.0,17014.0,17564.99,16393.01,0.582,3.34,3.57,4.01,2,1.0,0.16,0.075,0.08913975,TAKER
30/08/2022 09:00:00,18/06/2023 11:40:27,DUMMY_Gemini_BTCUSD_1h_01_07_22_to_16_06_23.csv,BTC_USD,HOUR,204.31,0.007,30/08/2022 17:00:00,30/08/2022 16:00:00,30/08/2022 14:00:00,TAKE_PROFIT_HIT,SHORT,20426.0,19809.82,19809.82,21042.18,0.7,3.11,2.93,4.21,2,1.0,4.21,0.075,0.1072365,TAKER
16/09/2022 12:00:00,18/06/2023 11:40:29,DUMMY_Gemini_BTCUSD_1h_01_07_22_to_16_06_23.csv,BTC_USD,HOUR,208.52,0.007,16/09/2022 18:00:00,16/09/2022 19:00:00,16/09/2022 19:00:00,EXPIRED,LONG,19683.0,19623.0,20280.07,19085.93,0.661,2.94,3.13,4.08,2,1.0,-0.52,0.075,0.10333575,TAKER
24/03/2023 06:00:00,18/06/2023 11:40:30,DUMMY_Gemini_BTCUSD_1h_01_07_22_to_16_06_23.csv,BTC_USD,HOUR,208.0,0.005,24/03/2023 14:00:00,24/03/2023 13:00:00,24/03/2023 11:00:00,STOP_LOSS_HIT,LONG,28299.0,27442.66,29155.34,27442.66,0.68,2.94,3.12,4.18,2,1.0,-4.39,0.075,0.10612125,TAKER
23/01/2023 10:00:00,18/06/2023 11:40:31,DUMMY_Gemini_BTCUSD_1h_01_07_22_to_16_06_23.csv,BTC_USD,HOUR,203.61,0.006,23/01/2023 17:00:00,23/01/2023 17:00:00,23/01/2023 17:00:00,EXPIRED,LONG,22914.0,23058.0,23644.89,22183.11,0.675,3.09,3.29,4.28,2,1.0,0.76,0.075,0.10311300000000001,TAKER
26/04/2023 08:00:00,18/06/2023 11:40:34,DUMMY_Gemini_BTCUSD_1h_01_07_22_to_16_06_23.csv,BTC_USD,HOUR,204.37,0.005,26/04/2023 16:00:00,26/04/2023 15:00:00,26/04/2023 12:00:00,TAKE_PROFIT_HIT,LONG,28732.0,29615.66,29615.66,27848.34,0.703,2.98,3.17,4.31,2,1.0,4.31,0.075,0.107745,TAKER
29/03/2023 19:00:00,18/06/2023 11:40:35,DUMMY_Gemini_BTCUSD_1h_01_07_22_to_16_06_23.csv,BTC_USD,HOUR,208.68,0.005,30/03/2023 03:00:00,30/03/2023 02:00:00,30/03/2023 02:00:00,EXPIRED,LONG,28416.0,28961.0,29314.86,27517.15,0.681,3.07,3.27,4.39,2,1.0,2.62,0.075,0.10656,TAKER
24/07/2022 22:00:00,18/06/2023 11:40:35,DUMMY_Gemini_BTCUSD_1h_01_07_22_to_16_06_23.csv,BTC_USD,HOUR,211.3,0.006,25/07/2022 06:00:00,25/07/2022 05:00:00,25/07/2022 02:00:00,STOP_LOSS_HIT,LONG,22668.0,21949.12,23386.88,21949.12,0.644,3.07,3.28,4.21,2,1.0,-4.42,0.075,0.102006,TAKER
