Open,Last update,Platform,Symbol,Timeframe,Account balance at open,Size,Expected close,Expiry,Close,Status,Side,Opening price,Closing price,Take profit,Stop loss,Leverage,TP price %,SL price %,Expected profit,Risk %,R/R ratio,PnL,Fee %,Fee Amount,Order Type
04/05/2023 08:00:00,18/06/2023 13:37:34,Upscale-DUMMY_Gemini_BTCUSD_1h_01_07_22_to_16_06_23.csv,BTC_USD,FOUR_HOUR,200.0,0.003,06/05/2023 08:00:00,06/05/2023 04:00:00,06/05/2023 04:00:00,EXPIRED,LONG,29146.0,29409.0,30370.81,27921.2,0.437,4.03,4.39,3.61,2,1.0,0.72,0.075,0.0655785,TAKER
30/03/2023 00:00:00,18/06/2023 13:37:35,Upscale-DUMMY_Gemini_BTCUSD_1h_01_07_22_to_16_06_23.csv,BTC_USD,FOUR_HOUR,200.72,0.003,31/03/2023 00:00:00,31/03/2023 20:00:00,31/03/2023 20:00:00,EXPIRED,LONG,28491.0,28486.0,29835.56,27146.44,0.426,4.51,4.95,3.97,2,1.0,-0.08,0.075,0.06410475,TAKER
14/01/2023 04:00:00,18/06/2023 13:37:35,Upscale-DUMMY_Gemini_BTCUSD_1h_01_07_22_to_16_06_23.csv,BTC_USD,FOUR_HOUR,200.64,0.004,15/01/2023 04:00:00,16/01/2023 00:00:00,16/01/2023 00:00:00,EXPIRED,LONG,20911.0,21087.0,21810.33,20011.67,0.417,4.12,4.49,3.53,2,1.0,0.64,0.075,0.062733,TAKER
15/02/2023 00:00:00,18/06/2023 13:37:35,Upscale-DUMMY_Gemini_BTCUSD_1h_01_07_22_to_16_06_23.csv,BTC_USD,FOUR_HOUR,201.28,0.004,17/02/2023 00:00:00,16/02/2023 20:00:00,15/02/2023 16:00:00,TAKE_PROFIT_HIT,LONG,22106.0,23234.77,23234.77,20977.23,0.439,4.86,5.38,4.45,2,1.0,4.45,0.075,0.066318,TAKER
04/01/2023 12:00:00,18/06/2023 13:37:36,Upscale-DUMMY_Gemini_BTCUSD_1h_01_07_22_to_16_06_23.csv,BTC_USD,FOUR_HOUR,205.73,0.006,06/01/2023 12:00:00,06/01/2023 08:00:00,06/01/2023 08:00:00,EXPIRED,LONG,16846.0,16736.0,17571.93,16120.07,0.491,4.13,4.5,4.28,2,1.0,-0.74,0.075,0.075807,TAKER
18/07/2022 12:00:00,18/06/2023 13:37:36,Upscale-DUMMY_Gemini_BTCUSD_1h_01_07_22_to_16_06_23.csv,BTC_USD,FOUR_HOUR,204.99,0.005,19/07/2022 08:00:00,20/07/2022 08:00:00,18/07/2022 16:00:00,STOP_LOSS_HIT,LONG,22694.0,21881.73,23506.27,21881.73,0.554,3.46,3.71,3.98,2,1.0,-4.15,0.075,0.0851025,TAKER
15/02/2023 00:00:00,18/06/2023 13:37:36,Upscale-DUMMY_Gemini_BTCUSD_1h_01_07_22_to_16_06_23.csv,BTC_USD,FOUR_HOUR,200.84,0.004,17/02/2023 00:00:00,16/02/2023 20:00:00,15/02/2023 16:00:00,TAKE_PROFIT_HIT,LONG,22106.0,23234.77,23234.77,20977.23,0.44,4.86,5.38,4.45,2,1.0,4.45,0.075,0.066318,TAKER
04/01/2023 12:00:00,18/06/2023 13:37:36,Upscale-DUMMY_Gemini_BTCUSD_1h_01_07_22_to_16_06_23.csv,BTC_USD,FOUR_HOUR,205.29,0.006,06/01/2023 12:00:00,06/01/2023 08:00:00,06/01/2023 08:00:00,EXPIRED,LONG,16846.0,16736.0,17571.93,16120.07,0.492,4.13,4.5,4.28,2,1.0,-0.74,0.075,0.075807,TAKER
02/01/2023 20:00:00,18/06/2023 13:37:36,Upscale-DUMMY_Gemini_BTCUSD_1h_01_07_22_to_16_06_23.csv,BTC_USD,FOUR_HOUR,204.55,0.006,03/01/2023 20:00:00,04/01/2023 16:00:00,04/01/2023 16:00:00,EXPIRED,LONG,16667.0,16831.0,17398.55,15935.45,0.489,4.2,4.59,4.31,2,1.0,0.91,0.075,0.0750015,TAKER
02/01/2023 20:00:00,18/06/2023 13:37:36,Upscale-DUMMY_Gemini_BTCUSD_1h_01_07_22_to_16_06_23.csv,BTC_USD,FOUR_HOUR,205.46,0.006,03/01/2023 20:00:00,04/01/2023 16:00:00,04/01/2023 16:00:00,EXPIRED,LONG,16667.0,16831.0,17398.55,15935.45,0.487,4.2,4.59,4.31,2,1.0,0.91,0.075,0.0750015,TAKER
12/09/2022 16:00:00,18/06/2023 13:37:36,Upscale-DUMMY_Gemini_BTCUSD_1h_01_07_22_to_16_06_23.csv,BTC_USD,FOUR_HOUR,206.37,0.004,14/09/2022 16:00:00,14/09/2022 12:00:00,13/09/2022 12:00:00,STOP_LOSS_HIT,LONG,22426.0,21436.0,23416.01,21436.0,0.435,4.23,4.62,3.89,2,1.0,-4.03,0.075,0.067278,TAKER
10/04/2023 16:00:00,18/06/2023 13:37:36,Upscale-DUMMY_Gemini_BTCUSD_1h_01_07_22_to_16_06_23.csv,BTC_USD,FOUR_HOUR,202.34,0.003,11/04/2023 16:00:00,12/04/2023 12:00:00,11/04/2023 16:00:00,TAKE_PROFIT_HIT,LONG,29187.0,30468.09,30468.09,27905.92,0.433,4.2,4.59,3.78,2,1.0,3.78,0.075,0.06567075,TAKER
05/05/2023 00:00:00,18/06/2023 13:37:36,Upscale-DUMMY_Gemini_BTCUSD_1h_01_07_22_to_16_06_23.csv,BTC_USD,FOUR_HOUR,206.12,0.004,07/05/2023 00:00:00,06/05/2023 20:00:00,06/05/2023 20:00:00,EXPIRED,LONG,29198.0,28900.0,30334.03,28061.97,0.567,3.75,4.05,4.46,2,1.0,-1.28,0.075,0.08759399999999999,TAKER
13/03/2023 16:00:00,18/06/2023 13:37:37,Upscale-DUMMY_Gemini_BTCUSD_1h_01_07_22_to_16_06_23.csv,BTC_USD,FOUR_HOUR,204.84,0.002,14/03/2023 16:00:00,15/03/2023 12:00:00,14/03/2023 12:00:00,STOP_LOSS_HIT,SHORT,24368.0,26021.48,22714.52,26021.48,0.238,7.28,6.35,3.27,2,1.0,-3.34,0.075,0.036552,TAKER
18/07/2022 08:00:00,18/06/2023 13:37:37,Upscale-DUMMY_Gemini_BTCUSD_1h_01_07_22_to_16_06_23.csv,BTC_USD,FOUR_HOUR,201.5,0.005,19/07/2022 08:00:00,20/07/2022 04:00:00,19/07/2022 00:00:00,TAKE_PROFIT_HIT,LONG,22128.0,22929.17,22929.17,21326.83,0.549,3.49,3.76,3.92,2,1.0,3.92,0.075,0.08298,TAKER
04/01/2023 12:00:00,18/06/2023 13:37:37,Upscale-DUMMY_Gemini_BTCUSD_1h_01_07_22_to_16_06_23.csv,BTC_USD,FOUR_HOUR,205.42,0.006,06/01/2023 12:00:00,06/01/2023 08:00:00,06/01/2023 08:00:00,EXPIRED,LONG,16846.0,16736.0,17571.93,16120.07,0.492,4.13,4.5,4.28,2,1.0,-0.74,0.075,0.075807,TAKER
05/12/2022 12:00:00,18/06/2023 13:37:37,Upscale-DUMMY_Gemini_BTCUSD_1h_01_07_22_to_16_06_23.csv,BTC_USD,FOUR_HOUR,204.68,0.006,06/12/2022 08:00:00,07/12/2022 08:00:00,07/12/2022 08:00:00,EXPIRED,LONG,17086.0,16788.0,17807.72,16364.28,0.501,4.05,4.41,4.25,2,1.0,-1.86,0.075,0.076887,TAKER
09/04/2023 20:00:00,18/06/2023 13:37:37,Upscale-DUMMY_Gemini_BTCUSD_1h_01_07_22_to_16_06_23.csv,BTC_USD,FOUR_HOUR,202.82,0.003,10/04/2023 08:00:00,11/04/2023 16:00:00,10/04/2023 20:00:00,TAKE_PROFIT_HIT,LONG,28333.0,29540.5,29540.5,27125.5,0.419,4.09,4.45,3.56,2,1.0,3.56,0.075,0.06374925,TAKER
30/03/2023 00:00:00,18/06/2023 13:37:37,Upscale-DUMMY_Gemini_BTCUSD_1h_01_07_22_to_16_06_23.csv,BTC_USD,FOUR_HOUR,206.38,0.003,31/03/2023 00:00:00,31/03/2023 20:00:00,31/03/2023 20:00:00,EXPIRED,LONG,28491.0,28486.0,29835.56,27146.44,0.414,4.51,4.95,3.97,2,1.0,-0.08,0.075,0.06410475,TAKER
04/01/2023 12:00:00,18/06/2023 13:37:37,Upscale-DUMMY_Gemini_BTCUSD_1h_01_07_22_to_16_06_23.csv,BTC_USD,FOUR_HOUR,206.3,0.006,06/01/2023 12:00:00,06/01/2023 08:00:00,06/01/2023 08:00:00,EXPIRED,LONG,16846.0,16736.0,17571.93,16120.07,0.49,4.13,4.5,4.28,2,1.0,-0.74,0.075,0.075807,TAKER
14/01/2023 04:00:00,18/06/2023 13:37:37,Upscale-DUMMY_Gemini_BTCUSD_1h_01_07_22_to_16_06_23.csv,BTC_USD,FOUR_HOUR,205.56,0.005,15/01/2023 04:00:00,16/01/2023 00:00:00,16/01/2023 00:00:00,EXPIRED,LONG,20911.0,21087.0,21810.33,20011.67,0.509,4.12,4.49,4.42,2,1.0,0.8,0.075,0.07841625,TAKER
05/12/2022 12:00:00,18/06/2023 13:37:37,Upscale-DUMMY_Gemini_BTCUSD_1h_01_07_22_to_16_06_23.csv,BTC_USD,FOUR_HOUR,206.36,0.006,06/12/2022 08:00:00,07/12/2022 08:00:00,07/12/2022 08:00:00,EXPIRED,LONG,17086.0,16788.0,17807.72,16364.28,0.497,4.05,4.41,4.25,2,1.0,-1.86,0.075,0.076887,TAKER
30/08/2022 12:00:00,18/06/2023 13:37:37,Upscale-DUMMY_Gemini_BTCUSD_1h_01_07_22_to_16_06_23.csv,BTC_USD,FOUR_HOUR,204.5,0.005,01/09/2022 00:00:00,01/09/2022 08:00:00,01/09/2022 08:00:00,EXPIRED,LONG,19763.0,20071.0,20560.67,18965.33,0.483,3.88,4.21,3.91,2,1.0,1.47,0.075,0.07411124999999999,TAKER
