Open,Last update,Platform,Symbol,Timeframe,Account balance at open,Size,Expected close,Expiry,Close,Status,Side,Opening price,Closing price,Take profit,Stop loss,Leverage,TP price %,SL price %,Expected profit,Risk %,R/R ratio,PnL,Fee %,Fee Amount,Order Type
29/03/2023 20:00:00,17/06/2023 15:03:38,Upscale-DUMMY_Gemini_BTCUSD_1h_10_03_23_to_15_06_23.csv,BTC_USD,FOUR_HOUR,200.0,0.004,31/03/2023 00:00:00,31/03/2023 16:00:00,31/03/2023 16:00:00,EXPIRED,LONG,28326.0,28472.0,29374.69,27277.31,0.567,3.57,3.84,4.11,2,1.0,0.5,0.075,0.084978,TAKER
22/03/2023 12:00:00,17/06/2023 15:03:38,Upscale-DUMMY_Gemini_BTCUSD_1h_10_03_23_to_15_06_23.csv,BTC_USD,FOUR_HOUR,200.5,0.004,23/03/2023 12:00:00,24/03/2023 08:00:00,22/03/2023 16:00:00,TAKE_PROFIT_HIT,SHORT,28665.0,27692.27,27692.27,29637.73,0.572,3.51,3.28,3.8,2,1.0,3.8,0.075,0.08599499999999999,TAKER
11/04/2023 00:00:00,17/06/2023 15:03:39,Upscale-DUMMY_Gemini_BTCUSD_1h_10_03_23_to_15_06_23.csv,BTC_USD,FOUR_HOUR,204.3,0.002,13/04/2023 00:00:00,12/04/2023 20:00:00,12/04/2023 20:00:00,EXPIRED,LONG,30127.0,29903.0,32276.0,27978.01,0.295,6.66,7.68,4.25,2,1.0,-0.49,0.075,0.0451905,TAKER
26/04/2023 00:00:00,17/06/2023 15:03:39,Upscale-DUMMY_Gemini_BTCUSD_1h_10_03_23_to_15_06_23.csv,BTC_USD,FOUR_HOUR,203.81,0.005,28/04/2023 00:00:00,27/04/2023 20:00:00,26/04/2023 12:00:00,TAKE_PROFIT_HIT,LONG,28320.0,29206.63,29206.63,27433.37,0.695,3.04,3.23,4.33,2,1.0,4.33,0.075,0.10619999999999999,TAKER
28/04/2023 00:00:00,17/06/2023 15:03:40,Upscale-DUMMY_Gemini_BTCUSD_1h_10_03_23_to_15_06_23.csv,BTC_USD,FOUR_HOUR,208.14,0.003,29/04/2023 08:00:00,29/04/2023 20:00:00,29/04/2023 20:00:00,EXPIRED,LONG,29409.0,29247.0,30692.3,28125.7,0.424,4.18,4.56,3.78,2,1.0,-0.55,0.075,0.06617025,TAKER
26/04/2023 00:00:00,17/06/2023 15:03:40,Upscale-DUMMY_Gemini_BTCUSD_1h_10_03_23_to_15_06_23.csv,BTC_USD,FOUR_HOUR,207.59,0.005,28/04/2023 00:00:00,27/04/2023 20:00:00,26/04/2023 12:00:00,TAKE_PROFIT_HIT,LONG,28320.0,29206.63,29206.63,27433.37,0.682,3.04,3.23,4.33,2,1.0,4.33,0.075,0.10619999999999999,TAKER
11/04/2023 00:00:00,17/06/2023 15:03:40,Upscale-DUMMY_Gemini_BTCUSD_1h_10_03_23_to_15_06_23.csv,BTC_USD,FOUR_HOUR,211.92,0.002,13/04/2023 00:00:00,12/04/2023 20:00:00,12/04/2023 20:00:00,EXPIRED,LONG,30127.0,29903.0,32276.0,27978.01,0.284,6.66,7.68,4.25,2,1.0,-0.49,0.075,0.0451905,TAKER
13/03/2023 16:00:00,17/06/2023 15:03:40,Upscale-DUMMY_Gemini_BTCUSD_1h_10_03_23_to_15_06_23.csv,BTC_USD,FOUR_HOUR,211.43,0.005,14/03/2023 04:00:00,15/03/2023 12:00:00,14/03/2023 12:00:00,STOP_LOSS_HIT,SHORT,24368.0,25165.51,23570.5,25165.51,0.576,3.38,3.17,3.9,2,1.0,-4.08,0.075,0.09138,TAKER
05/05/2023 00:00:00,17/06/2023 15:03:40,Upscale-DUMMY_Gemini_BTCUSD_1h_10_03_23_to_15_06_23.csv,BTC_USD,FOUR_HOUR,207.35,0.003,07/05/2023 00:00:00,06/05/2023 20:00:00,06/05/2023 20:00:00,EXPIRED,LONG,29198.0,28900.0,30572.07,27823.94,0.422,4.49,4.94,4.06,2,1.0,-0.96,0.075,0.0656955,TAKER
14/03/2023 00:00:00,17/06/2023 15:03:41,Upscale-DUMMY_Gemini_BTCUSD_1h_10_03_23_to_15_06_23.csv,BTC_USD,FOUR_HOUR,206.39,0.003,15/03/2023 04:00:00,15/03/2023 20:00:00,14/03/2023 12:00:00,TAKE_PROFIT_HIT,LONG,24509.0,25718.41,25718.41,23299.59,0.356,4.7,5.19,3.57,2,1.0,3.57,0.075,0.05514525,TAKER
20/03/2023 16:00:00,17/06/2023 15:03:41,Upscale-DUMMY_Gemini_BTCUSD_1h_10_03_23_to_15_06_23.csv,BTC_USD,FOUR_HOUR,209.96,0.005,22/03/2023 00:00:00,22/03/2023 12:00:00,22/03/2023 12:00:00,TAKE_PROFIT_HIT,LONG,27868.0,28757.42,28757.42,26978.58,0.664,3.09,3.3,4.34,2,1.0,4.34,0.075,0.104505,TAKER
10/04/2023 20:00:00,17/06/2023 15:03:41,Upscale-DUMMY_Gemini_BTCUSD_1h_10_03_23_to_15_06_23.csv,BTC_USD,FOUR_HOUR,214.3,0.004,11/04/2023 20:00:00,12/04/2023 16:00:00,12/04/2023 12:00:00,TAKE_PROFIT_HIT,LONG,29654.0,30753.9,30753.9,28554.11,0.554,3.58,3.85,4.31,2,1.0,4.31,0.075,0.088962,TAKER
10/04/2023 20:00:00,17/06/2023 15:03:41,Upscale-DUMMY_Gemini_BTCUSD_1h_10_03_23_to_15_06_23.csv,BTC_USD,FOUR_HOUR,218.61,0.004,11/04/2023 20:00:00,12/04/2023 16:00:00,12/04/2023 12:00:00,TAKE_PROFIT_HIT,LONG,29654.0,30753.9,30753.9,28554.11,0.543,3.58,3.85,4.31,2,1.0,4.31,0.075,0.088962,TAKER
20/03/2023 16:00:00,17/06/2023 15:03:42,Upscale-DUMMY_Gemini_BTCUSD_1h_10_03_23_to_15_06_23.csv,BTC_USD,FOUR_HOUR,222.92,0.005,22/03/2023 00:00:00,22/03/2023 12:00:00,22/03/2023 12:00:00,TAKE_PROFIT_HIT,LONG,27868.0,28757.42,28757.42,26978.58,0.625,3.09,3.3,4.34,2,1.0,4.34,0.075,0.104505,TAKER
27/04/2023 20:00:00,17/06/2023 15:03:42,Upscale-DUMMY_Gemini_BTCUSD_1h_10_03_23_to_15_06_23.csv,BTC_USD,FOUR_HOUR,227.26,0.002,28/04/2023 20:00:00,29/04/2023 16:00:00,29/04/2023 16:00:00,EXPIRED,SHORT,29479.0,29253.0,27452.99,31505.01,0.259,7.38,6.43,4.01,2,1.0,0.41,0.075,0.0442185,TAKER
09/04/2023 20:00:00,17/06/2023 15:03:42,Upscale-DUMMY_Gemini_BTCUSD_1h_10_03_23_to_15_06_23.csv,BTC_USD,FOUR_HOUR,227.67,0.004,10/04/2023 08:00:00,11/04/2023 16:00:00,10/04/2023 20:00:00,TAKE_PROFIT_HIT,LONG,28333.0,29567.29,29567.29,27098.71,0.498,4.17,4.55,4.85,2,1.0,4.85,0.075,0.084999,TAKER
05/05/2023 00:00:00,17/06/2023 15:03:42,Upscale-DUMMY_Gemini_BTCUSD_1h_10_03_23_to_15_06_23.csv,BTC_USD,FOUR_HOUR,232.52,0.003,07/05/2023 00:00:00,06/05/2023 20:00:00,06/05/2023 20:00:00,EXPIRED,LONG,29198.0,28900.0,30572.07,27823.94,0.377,4.49,4.94,4.06,2,1.0,-0.96,0.075,0.0656955,TAKER
05/05/2023 00:00:00,17/06/2023 15:03:42,Upscale-DUMMY_Gemini_BTCUSD_1h_10_03_23_to_15_06_23.csv,BTC_USD,FOUR_HOUR,231.56,0.003,07/05/2023 00:00:00,06/05/2023 20:00:00,06/05/2023 20:00:00,EXPIRED,LONG,29198.0,28900.0,30572.07,27823.94,0.378,4.49,4.94,4.06,2,1.0,-0.96,0.075,0.0656955,TAKER
11/04/2023 00:00:00,17/06/2023 15:03:43,Upscale-DUMMY_Gemini_BTCUSD_1h_10_03_23_to_15_06_23.csv,BTC_USD,FOUR_HOUR,230.6,0.002,13/04/2023 00:00:00,12/04/2023 20:00:00,12/04/2023 20:00:00,EXPIRED,LONG,30127.0,29903.0,32276.0,27978.01,0.261,6.66,7.68,4.25,2,1.0,-0.49,0.075,0.0451905,TAKER
10/04/2023 20:00:00,17/06/2023 15:03:43,Upscale-DUMMY_Gemini_BTCUSD_1h_10_03_23_to_15_06_23.csv,BTC_USD,FOUR_HOUR,230.11,0.004,11/04/2023 20:00:00,12/04/2023 16:00:00,12/04/2023 12:00:00,TAKE_PROFIT_HIT,LONG,29654.0,30753.9,30753.9,28554.11,0.515,3.58,3.85,4.31,2,1.0,4.31,0.075,0.088962,TAKER
29/04/2023 16:00:00,17/06/2023 15:03:43,Upscale-DUMMY_Gemini_BTCUSD_1h_10_03_23_to_15_06_23.csv,BTC_USD,FOUR_HOUR,234.42,0.005,01/05/2023 16:00:00,01/05/2023 12:00:00,01/05/2023 04:00:00,STOP_LOSS_HIT,LONG,29253.0,28310.15,30195.85,28310.15,0.624,3.12,3.33,4.6,2,1.0,-4.82,0.075,0.10969875,TAKER
10/04/2023 12:00:00,17/06/2023 15:03:43,Upscale-DUMMY_Gemini_BTCUSD_1h_10_03_23_to_15_06_23.csv,BTC_USD,FOUR_HOUR,229.6,0.003,11/04/2023 16:00:00,12/04/2023 08:00:00,10/04/2023 20:00:00,TAKE_PROFIT_HIT,LONG,28456.0,29796.02,29796.02,27115.98,0.372,4.5,4.94,3.96,2,1.0,3.96,0.075,0.064026,TAKER
10/04/2023 16:00:00,17/06/2023 15:03:43,Upscale-DUMMY_Gemini_BTCUSD_1h_10_03_23_to_15_06_23.csv,BTC_USD,FOUR_HOUR,233.56,0.004,11/04/2023 16:00:00,12/04/2023 12:00:00,11/04/2023 16:00:00,TAKE_PROFIT_HIT,LONG,29187.0,30403.64,30403.64,27970.36,0.5,4.0,4.35,4.78,2,1.0,4.78,0.075,0.087561,TAKER
27/04/2023 20:00:00,17/06/2023 15:03:43,Upscale-DUMMY_Gemini_BTCUSD_1h_10_03_23_to_15_06_23.csv,BTC_USD,FOUR_HOUR,238.34,0.002,28/04/2023 20:00:00,29/04/2023 16:00:00,29/04/2023 16:00:00,EXPIRED,SHORT,29479.0,29253.0,27452.99,31505.01,0.247,7.38,6.43,4.01,2,1.0,0.41,0.075,0.0442185,TAKER
30/03/2023 00:00:00,17/06/2023 15:03:43,Upscale-DUMMY_Gemini_BTCUSD_1h_10_03_23_to_15_06_23.csv,BTC_USD,FOUR_HOUR,238.75,0.004,31/03/2023 00:00:00,31/03/2023 20:00:00,31/03/2023 20:00:00,EXPIRED,LONG,28491.0,28486.0,29678.63,27303.38,0.477,4.0,4.35,4.67,2,1.0,-0.11,0.075,0.085473,TAKER
09/04/2023 20:00:00,17/06/2023 15:03:44,Upscale-DUMMY_Gemini_BTCUSD_1h_10_03_23_to_15_06_23.csv,BTC_USD,FOUR_HOUR,238.64,0.004,10/04/2023 08:00:00,11/04/2023 16:00:00,10/04/2023 20:00:00,TAKE_PROFIT_HIT,LONG,28333.0,29567.29,29567.29,27098.71,0.475,4.17,4.55,4.85,2,1.0,4.85,0.075,0.084999,TAKER
29/04/2023 16:00:00,17/06/2023 15:03:44,Upscale-DUMMY_Gemini_BTCUSD_1h_10_03_23_to_15_06_23.csv,BTC_USD,FOUR_HOUR,243.49,0.005,01/05/2023 16:00:00,01/05/2023 12:00:00,01/05/2023 04:00:00,STOP_LOSS_HIT,LONG,29253.0,28310.15,30195.85,28310.15,0.601,3.12,3.33,4.6,2,1.0,-4.82,0.075,0.10969875,TAKER
22/03/2023 12:00:00,17/06/2023 15:03:44,Upscale-DUMMY_Gemini_BTCUSD_1h_10_03_23_to_15_06_23.csv,BTC_USD,FOUR_HOUR,238.67,0.005,23/03/2023 12:00:00,24/03/2023 08:00:00,22/03/2023 16:00:00,TAKE_PROFIT_HIT,SHORT,28665.0,27692.27,27692.27,29637.73,0.601,3.51,3.28,4.76,2,1.0,4.76,0.075,0.10749375,TAKER
14/03/2023 08:00:00,17/06/2023 15:03:45,Upscale-DUMMY_Gemini_BTCUSD_1h_10_03_23_to_15_06_23.csv,BTC_USD,FOUR_HOUR,243.43,0.006,15/03/2023 00:00:00,16/03/2023 04:00:00,14/03/2023 12:00:00,TAKE_PROFIT_HIT,LONG,24852.0,25643.65,25643.65,24060.35,0.613,3.09,3.29,4.64,2,1.0,4.64,0.075,0.11183399999999999,TAKER
14/03/2023 04:00:00,17/06/2023 15:03:46,Upscale-DUMMY_Gemini_BTCUSD_1h_10_03_23_to_15_06_23.csv,BTC_USD,FOUR_HOUR,248.07,0.003,15/03/2023 04:00:00,16/03/2023 00:00:00,14/03/2023 12:00:00,TAKE_PROFIT_HIT,LONG,24406.0,25909.4,25909.4,22902.61,0.295,5.8,6.56,4.46,2,1.0,4.46,0.075,0.0549135,TAKER
10/04/2023 16:00:00,17/06/2023 15:03:46,Upscale-DUMMY_Gemini_BTCUSD_1h_10_03_23_to_15_06_23.csv,BTC_USD,FOUR_HOUR,252.53,0.004,11/04/2023 16:00:00,12/04/2023 12:00:00,11/04/2023 16:00:00,TAKE_PROFIT_HIT,LONG,29187.0,30403.64,30403.64,27970.36,0.462,4.0,4.35,4.78,2,1.0,4.78,0.075,0.087561,TAKER
20/03/2023 20:00:00,17/06/2023 15:03:46,Upscale-DUMMY_Gemini_BTCUSD_1h_10_03_23_to_15_06_23.csv,BTC_USD,FOUR_HOUR,257.31,0.004,21/03/2023 16:00:00,22/03/2023 16:00:00,22/03/2023 16:00:00,EXPIRED,LONG,27816.0,26726.0,29130.94,26501.06,0.432,4.51,4.96,5.18,2,1.0,-4.44,0.075,0.083448,TAKER
29/03/2023 20:00:00,17/06/2023 15:03:47,Upscale-DUMMY_Gemini_BTCUSD_1h_10_03_23_to_15_06_23.csv,BTC_USD,FOUR_HOUR,252.87,0.005,31/03/2023 00:00:00,31/03/2023 16:00:00,31/03/2023 16:00:00,EXPIRED,LONG,28326.0,28472.0,29374.69,27277.31,0.56,3.57,3.84,5.14,2,1.0,0.62,0.075,0.1062225,TAKER
13/06/2023 16:00:00,17/06/2023 15:03:47,Upscale-DUMMY_Gemini_BTCUSD_1h_10_03_23_to_15_06_23.csv,BTC_USD,FOUR_HOUR,253.49,0.006,15/06/2023 12:00:00,15/06/2023 12:00:00,14/06/2023 20:00:00,STOP_LOSS_HIT,LONG,25895.0,25097.16,26692.85,25097.16,0.613,2.99,3.18,4.67,2,1.0,-4.9,0.075,0.11652749999999999,TAKER
20/03/2023 16:00:00,17/06/2023 15:03:47,Upscale-DUMMY_Gemini_BTCUSD_1h_10_03_23_to_15_06_23.csv,BTC_USD,FOUR_HOUR,248.59,0.006,22/03/2023 00:00:00,22/03/2023 12:00:00,22/03/2023 12:00:00,TAKE_PROFIT_HIT,LONG,27868.0,28757.42,28757.42,26978.58,0.673,3.09,3.3,5.21,2,1.0,5.21,0.075,0.125406,TAKER
20/03/2023 16:00:00,17/06/2023 15:03:47,Upscale-DUMMY_Gemini_BTCUSD_1h_10_03_23_to_15_06_23.csv,BTC_USD,FOUR_HOUR,253.8,0.006,22/03/2023 00:00:00,22/03/2023 12:00:00,22/03/2023 12:00:00,TAKE_PROFIT_HIT,LONG,27868.0,28757.42,28757.42,26978.58,0.659,3.09,3.3,5.21,2,1.0,5.21,0.075,0.125406,TAKER
13/03/2023 20:00:00,17/06/2023 15:03:47,Upscale-DUMMY_Gemini_BTCUSD_1h_10_03_23_to_15_06_23.csv,BTC_USD,FOUR_HOUR,259.01,0.004,15/03/2023 00:00:00,15/03/2023 16:00:00,14/03/2023 12:00:00,TAKE_PROFIT_HIT,LONG,24237.0,25500.73,25500.73,22973.27,0.374,4.96,5.5,4.98,2,1.0,4.98,0.075,0.07271100000000001,TAKER
13/03/2023 16:00:00,17/06/2023 15:03:48,Upscale-DUMMY_Gemini_BTCUSD_1h_10_03_23_to_15_06_23.csv,BTC_USD,FOUR_HOUR,263.99,0.007,14/03/2023 04:00:00,15/03/2023 12:00:00,14/03/2023 12:00:00,STOP_LOSS_HIT,SHORT,24368.0,25165.51,23570.5,25165.51,0.646,3.38,3.17,5.45,2,1.0,-5.71,0.075,0.127932,TAKER
28/04/2023 00:00:00,17/06/2023 15:03:48,Upscale-DUMMY_Gemini_BTCUSD_1h_10_03_23_to_15_06_23.csv,BTC_USD,FOUR_HOUR,258.28,0.004,29/04/2023 08:00:00,29/04/2023 20:00:00,29/04/2023 20:00:00,EXPIRED,LONG,29409.0,29247.0,30692.3,28125.7,0.455,4.18,4.56,5.04,2,1.0,-0.74,0.075,0.088227,TAKER
27/04/2023 20:00:00,17/06/2023 15:03:48,Upscale-DUMMY_Gemini_BTCUSD_1h_10_03_23_to_15_06_23.csv,BTC_USD,FOUR_HOUR,257.54,0.003,28/04/2023 20:00:00,29/04/2023 16:00:00,29/04/2023 16:00:00,EXPIRED,SHORT,29479.0,29253.0,27452.99,31505.01,0.343,7.38,6.43,6.01,2,1.0,0.61,0.075,0.06632774999999999,TAKER
